,Year,QualTime
0,2021,9.12
1,2021,9.42
2,2021,7.2
3,2021,8.33
4,2021,8.72
5,2021,10.27
6,2021,12.04
7,2021,8.49
8,2021,8.43
9,2021,8.54
10,2021,8.58
11,2021,8.28
12,2021,8.36
13,2021,12.28
14,2021,8.68
15,2021,11.59
16,2021,9.36
17,2021,8.77
18,2021,7.68
19,2021,7.94
20,2021,9.76
21,2021,7.52
22,2021,11.28
23,2021,8.34
24,2021,8.31
25,2021,10.23
26,2021,8.738
27,2021,8.65
28,2021,7.49
29,2021,8.73
30,2021,8.7
31,2021,7.01
32,2021,8.35
33,2021,8.93
34,2021,7.56
35,2021,7.84
36,2021,8.17
37,2021,7.34
38,2021,7.916
39,2021,9.62
40,2021,8.14
41,2021,8.19
42,2021,7.918
43,2021,9.43
44,2021,8.45
45,2021,9.19
46,2021,8.64
47,2021,8.25
48,2021,11.11
49,2021,8.07
50,2021,8.87
51,2021,7.24
52,2021,9.92
53,2021,7.61
54,2021,7.28
55,2021,8.0
56,2021,7.912
57,2021,9.75
58,2021,9.11
59,2021,10.65
60,2021,8.33
61,2021,7.72
62,2021,10.42
539,2012,9.89
540,2012,10.54
541,2012,11.56
542,2012,9.65
543,2012,9.82
544,2012,11.48
545,2012,10.93
546,2012,9.73
547,2012,9.51
548,2012,10.49
549,2012,13.97
550,2012,10.28
551,2012,9.76
552,2012,10.22
553,2012,9.28
554,2012,9.53
555,2012,12.16
556,2012,13.32
557,2012,9.778
558,2012,11.025
559,2012,9.836
560,2012,9.413
561,2012,10.044
562,2012,8.533
563,2012,10.14
564,2012,10.553
565,2012,9.027
566,2012,9.664
567,2012,9.735
568,2012,9.471
569,2012,8.971
570,2012,10.759
571,2012,10.907
572,2012,10.642
573,2012,11.704
574,2012,11.905
575,2012,14.781
576,2012,9.311
577,2012,10.896
578,2012,9.639
579,2012,20.09
580,2012,23.33
581,2012,31.36
582,2012,18.06
583,2012,22.24
584,2012,22.78
585,2012,28.59
586,2012,21.81
587,2012,22.14
588,2012,33.47
589,2012,20.51
590,2012,23.56
591,2012,10.13
592,2012,10.29
593,2012,9.99
594,2012,9.58
595,2012,9.59
596,2012,9.76
597,2012,10.18
598,2012,10.45
599,2012,13.02
600,2012,16.38
601,2012,13.06
602,2012,13.75
603,2012,17.98
604,2012,13.32
605,2012,10.13
606,2012,11.13
607,2012,9.19
608,2012,9.37
609,2012,11.28
610,2012,8.55
611,2012,8.39
612,2012,8.66
613,2012,10.3
614,2012,9.42
615,2012,8.92
616,2012,8.72
617,2012,13.67
618,2012,10.2
619,2012,9.67
620,2012,9.36
621,2012,10.7
622,2012,11.11
623,2012,9.56
624,2012,11.46
625,2012,10.01
626,2012,9.71
627,2012,10.79
628,2012,11.88
629,2012,10.08
630,2012,9.27
631,2012,9.46
632,2012,9.82
633,2012,11.37
634,2012,10.2
635,2012,9.02
636,2012,9.51
637,2012,9.31
638,2012,21.6
639,2012,26.05
640,2012,9.29
641,2012,10.44
642,2012,11.32
643,2013,10.3
644,2013,9.47
645,2013,9.58
646,2013,8.98
647,2013,9.52
648,2013,8.94
649,2013,9.82
650,2013,9.04
651,2013,9.27
652,2013,8.98
653,2013,10.07
654,2013,11.31
655,2013,9.29
656,2013,10.09
657,2013,10.29
658,2013,10.89
659,2013,17.09
660,2013,10.32
661,2013,15.07
662,2013,9.82
663,2013,8.63
664,2013,8.83
665,2013,9.27
666,2013,9.7
667,2013,9.19
668,2013,9.08
669,2013,9.2
670,2013,9.49
671,2013,8.59
672,2013,10.09
673,2013,9.88
674,2013,9.82
675,2013,11.09
676,2013,27.98
681,2013,9.84
682,2013,10.79
683,2013,9.48
684,2013,10.22
685,2013,8.71
686,2013,8.9
687,2013,9.75
688,2013,8.95
689,2013,9.01
690,2013,8.91
691,2013,10.07
692,2013,10.11
693,2013,10.41
694,2013,14.06
695,2013,13.02
696,2013,9.95
697,2013,17.15
698,2013,9.03
699,2013,9.88
700,2013,10.53
701,2013,8.78
702,2013,8.71
703,2013,8.46
704,2013,8.54
705,2013,8.91
706,2013,11.09
707,2013,9.1
708,2013,8.73
709,2013,10.96
710,2013,8.64
711,2013,10.66
712,2013,11.89
713,2013,10.29
714,2013,10.65
715,2013,10.82
716,2013,10.82
717,2013,11.12
718,2013,11.55
719,2013,12.09
720,2013,12.63
721,2013,11.27
722,2013,10.031
723,2013,8.719
724,2013,8.453
725,2013,9.062
726,2013,8.812
727,2013,8.828
728,2013,9.672
729,2013,9.219
730,2013,24.469
731,2013,8.875
732,2013,10.188
733,2013,9.609
734,2013,9.922
735,2013,17.422
736,2013,10.11
737,2013,11.38
738,2013,8.54
739,2013,8.87
740,2013,9.48
741,2013,9.95
742,2013,9.02
743,2013,27.43
744,2013,8.78
745,2013,9.54
746,2013,8.97
747,2013,9.37
748,2013,8.89
749,2013,9.9
750,2013,9.75
751,2013,9.92
752,2013,12.45
753,2013,11.09
754,2013,13.81
755,2013,9.94
756,2013,11.77
757,2013,9.34
758,2013,8.77
759,2013,8.96
760,2013,9.5
761,2013,9.41
762,2013,26.63
763,2013,8.97
764,2013,10.14
765,2013,9.57
766,2013,9.4
767,2013,8.23
768,2013,10.43
769,2013,10.23
770,2013,12.57
771,2013,11.49
772,2013,16.51
773,2013,11.54
774,2014,9.02
775,2014,10.12
776,2014,11.58
777,2014,9.33
778,2014,8.52
779,2014,8.79
780,2014,8.95
781,2014,8.88
782,2014,9.02
783,2014,9.17
784,2014,16.93
785,2014,9.26
786,2014,8.85
787,2014,9.79
788,2014,15.58
789,2014,8.44
790,2014,10.07
791,2014,9.6
792,2014,20.36
793,2014,10.69
794,2014,9.65
795,2014,11.61
796,2014,10.31
797,2014,10.12
798,2014,10.28
799,2014,9.47
800,2014,8.7
801,2014,9.1
802,2014,9.06
803,2014,8.77
804,2014,9.11
805,2014,9.51
806,2014,9.48
807,2014,9.03
808,2014,8.61
809,2014,9.98
810,2014,11.08
811,2014,10.31
812,2014,9.75
813,2014,26.84
814,2014,23.81
815,2014,11.65
816,2014,12.08
817,2014,9.31
818,2014,9.81
819,2014,9.05
820,2014,8.57
821,2014,9.14
822,2014,9.33
823,2014,25.2
824,2014,8.97
825,2014,8.8
826,2014,9.25
827,2014,8.67
828,2014,10.77
829,2014,11.1
830,2014,9.82
831,2014,12.32
832,2014,12.33
833,2014,8.91
834,2014,10.17
835,2014,8.7
836,2014,8.99
837,2014,8.69
838,2014,8.47
839,2014,9.85
840,2014,8.29
841,2014,8.3
842,2014,9.69
843,2014,8.0
844,2014,7.7
845,2014,11.16
846,2014,9.01
847,2014,9.48
848,2014,9.77
849,2014,8.75
850,2014,9.19
851,2014,8.33
852,2014,10.24
853,2014,9.28
854,2014,9.62
855,2014,14.3
856,2014,8.4
857,2014,9.28
858,2014,8.53
859,2014,8.05
860,2014,8.39
861,2014,10.39
862,2014,10.84
863,2014,8.48
864,2014,8.44
865,2014,8.28
866,2014,8.11
867,2014,11.32
868,2014,9.67
869,2014,9.61
870,2014,9.54
871,2014,8.82
872,2014,9.72
873,2014,10.01
874,2014,16.61
875,2014,10.74
876,2014,8.98
877,2014,10.02
878,2014,10.99
879,2014,11.07
880,2014,11.43
881,2014,11.45
882,2014,12.21
883,2014,12.24
884,2014,13.47
885,2014,8.44
886,2014,11.353
887,2014,8.37
888,2014,8.687
889,2014,14.683
890,2014,9.261
891,2014,8.056
892,2014,8.753
893,2014,8.807
894,2014,11.959
895,2014,16.334
896,2014,15.912
897,2014,14.134
898,2014,8.845
899,2014,10.08
900,2014,8.71
901,2014,8.87
902,2014,8.41
903,2014,8.53
904,2014,9.58
905,2014,9.4
906,2014,12.47
907,2014,8.89
908,2015,9.46
909,2015,8.01
910,2015,10.28
911,2015,8.83
912,2015,9.34
913,2015,8.27
914,2015,7.56
915,2015,9.16
916,2015,8.76
917,2015,8.98
918,2015,9.86
919,2015,9.95
920,2015,10.77
921,2015,8.69
922,2015,8.93
923,2015,9.41
924,2015,8.22
925,2015,9.48
926,2015,9.12
927,2015,8.29
928,2015,8.42
929,2015,8.1
930,2015,9.52
931,2015,8.9
932,2015,9.09
933,2015,9.9
934,2015,11.52
935,2015,10.45
936,2015,11.59
937,2015,8.8
938,2015,9.27
939,2015,9.47
940,2015,8.13
941,2015,8.68
942,2015,8.77
943,2015,10.83
944,2015,8.63
945,2015,7.98
946,2015,7.9
947,2015,9.13
948,2015,8.73
949,2015,8.82
950,2015,10.08
951,2015,10.46
952,2015,13.14
953,2015,13.69
954,2015,17.15
955,2015,9.32
956,2015,12.33
957,2015,9.6
958,2015,10.22
959,2015,8.7
960,2015,7.97
961,2015,8.67
962,2015,8.61
963,2015,8.52
964,2015,11.55
965,2015,8.12
966,2015,7.78
967,2015,13.57
968,2015,7.64
969,2015,9.61
970,2015,9.12
971,2015,9.49
972,2015,9.38
973,2015,8.76
974,2015,9.66
975,2015,8.67
976,2015,9.32
977,2015,8.93
978,2015,8.32
979,2015,8.95
980,2015,10.22
981,2015,10.93
982,2015,12.27
983,2015,8.97
984,2015,9.75
985,2015,9.88
986,2015,10.79
987,2015,11.86
988,2015,12.19
989,2015,8.26
990,2015,20.22
991,2015,8.03
992,2015,8.84
993,2015,20.72
994,2015,8.92
995,2015,8.37
996,2015,8.13
997,2015,8.36
998,2015,10.92
999,2015,9.79
1000,2015,9.62
1001,2015,9.72
1002,2015,9.04
1003,2015,8.57
1004,2015,21.17
1005,2015,13.02
1006,2016,9.94
1007,2016,8.77
1008,2016,9.62
1009,2016,8.4
1010,2016,8.52
1011,2016,8.47
1012,2016,10.02
1013,2016,9.28
1014,2016,9.61
1015,2016,9.32
1016,2016,11.32
1017,2016,8.99
1018,2016,9.56
1019,2016,10.36
1020,2016,8.92
1021,2016,13.62
1022,2016,10.51
1023,2016,9.54
1024,2016,8.17
1025,2016,8.5
1026,2016,8.11
1027,2016,7.81
1028,2016,7.98
1029,2016,9.69
1030,2016,9.39
1031,2016,9.23
1032,2016,8.88
1033,2016,10.41
1034,2016,8.64
1035,2016,8.65
1036,2016,9.43
1037,2016,9.34
1038,2016,10.36
1039,2016,11.7
1040,2016,11.47
1041,2016,9.51
1042,2016,9.95
1043,2016,8.55
1044,2016,8.32
1045,2016,8.45
1046,2016,7.82
1047,2016,11.17
1048,2016,9.89
1049,2016,9.2
1050,2016,9.77
1051,2016,9.08
1052,2016,9.31
1053,2016,9.32
1054,2016,9.22
1055,2016,8.47
1056,2016,11.45
1057,2016,8.7
1058,2016,9.42
1059,2016,9.22
1060,2016,10.51
1061,2016,9.12
1062,2016,8.67
1063,2016,9.07
1064,2016,9.96
1065,2016,10.47
1066,2016,8.61
1067,2016,9.63
1068,2016,9.91
1069,2016,8.29
1070,2016,8.23
1071,2016,8.34
1072,2016,8.03
1073,2016,7.96
1074,2016,9.55
1075,2016,9.0
1076,2016,9.46
1077,2016,9.13
1078,2016,9.59
1079,2016,8.81
1080,2016,8.77
1081,2016,8.29
1082,2016,10.45
1083,2016,8.62
1084,2016,9.86
1085,2016,11.2
1086,2016,10.48
1087,2016,8.66
1088,2016,8.87
1089,2016,8.7
1090,2016,9.87
1091,2016,10.76
1092,2016,8.21
1093,2016,10.54
1094,2016,9.88
1095,2016,8.25
1096,2016,8.41
1097,2016,11.12
1098,2016,8.26
1099,2016,13.11
1100,2016,7.95
1101,2016,9.65
1102,2016,9.29
1103,2016,9.54
1104,2016,9.26
1105,2016,9.36
1106,2016,9.99
1107,2016,9.06
1108,2016,10.71
1109,2016,8.76
1110,2016,8.85
1111,2016,10.5
1112,2016,8.93
1113,2016,9.28
1114,2016,9.94
1115,2016,9.64
1116,2016,10.52
1117,2016,10.59
1118,2016,10.95
1119,2016,12.06
1120,2016,15.19
1121,2016,8.7
1122,2016,14.22
1123,2016,8.56
1124,2016,8.24
1125,2016,9.24
1126,2016,8.55
1127,2016,8.09
1128,2016,9.18
1129,2016,9.91
1130,2016,9.21
1131,2016,8.58
1132,2016,9.59
1133,2016,8.99
1134,2016,9.16
1135,2016,9.18
1136,2016,12.02
1137,2016,8.96
1138,2016,9.84
1139,2016,10.33
1140,2016,13.13
1141,2016,13.85
1142,2016,8.71
1143,2016,8.42
1144,2016,8.8
1145,2016,7.98
1146,2016,8.14
1147,2016,9.02
1148,2016,9.6
1149,2016,9.32
1150,2016,9.39
1151,2016,9.54
1152,2016,8.78
1153,2016,9.28
1154,2016,8.92
1155,2016,12.5
1156,2016,9.39
1157,2016,11.76
1158,2016,9.35
1159,2016,10.24
1160,2016,12.62
1161,2017,9.11
1162,2017,8.49
1163,2017,8.6
1164,2017,14.48
1165,2017,8.22
1166,2017,7.77
1167,2017,7.92
1168,2017,11.94
1169,2017,8.05
1170,2017,8.36
1171,2017,8.09
1172,2017,9.35
1173,2017,9.43
1174,2017,8.33
1175,2017,9.17
1176,2017,9.97
1177,2017,8.73
1178,2017,11.88
1179,2017,8.9
1180,2017,10.17
1181,2017,9.04
1182,2017,8.23
1183,2017,9.17
1184,2017,12.81
1185,2017,7.67
1186,2017,7.76
1187,2017,8.16
1188,2017,11.63
1189,2017,8.42
1190,2017,8.64
1191,2017,8.17
1192,2017,8.98
1193,2017,9.35
1194,2017,8.06
1195,2017,9.39
1196,2017,10.52
1197,2017,9.94
1198,2017,12.99
1199,2017,8.25
1200,2017,10.38
1201,2017,8.66
1202,2017,9.91
1203,2017,14.54
1204,2017,8.33
1205,2017,8.87
1206,2017,12.69
1207,2017,8.41
1208,2017,7.89
1209,2017,7.67
1210,2017,9.35
1211,2017,8.83
1212,2017,9.32
1213,2017,8.81
1214,2017,9.27
1215,2017,8.55
1216,2017,8.78
1217,2017,8.44
1218,2017,9.37
1219,2017,12.82
1220,2017,10.64
1221,2017,10.6
1222,2017,8.72
1223,2017,8.65
1224,2017,10.58
1225,2017,8.75
1226,2017,9.27
1227,2017,8.19
1228,2017,9.22
1229,2017,8.99
1230,2017,10.3
1231,2017,10.67
1232,2017,8.46
1233,2017,10.17
1234,2017,8.84
1235,2017,8.99
1236,2017,14.55
1237,2017,8.72
1238,2017,13.04
1239,2017,14.29
1240,2017,10.76
1241,2017,8.04
1242,2017,8.84
1243,2017,8.3
1244,2017,7.9
1245,2017,10.72
1246,2017,7.84
1247,2017,9.03
1248,2017,9.92
1249,2017,9.75
1250,2017,8.88
1251,2017,9.24
1252,2017,8.57
1253,2017,9.77
1254,2017,10.78
1255,2017,9.8
1256,2017,8.42
1257,2017,8.59
1258,2017,12.19
1259,2017,10.01
1260,2017,9.97
1261,2017,8.4
1262,2017,8.78
1263,2017,9.33
1264,2017,11.54
1265,2017,13.32
1266,2017,9.66
1267,2017,8.6
1268,2017,10.86
1269,2017,12.26
1270,2017,10.95
1271,2017,10.18
1272,2017,10.37
1273,2017,10.41
1274,2017,14.88
1275,2017,12.06
1276,2017,8.69
1277,2017,11.02
1278,2017,13.93
1279,2017,19.22
1280,2017,10.38
1281,2017,8.19
1282,2017,8.67
1283,2017,7.86
1284,2017,7.92
1285,2017,10.01
1286,2017,9.42
1287,2017,9.12
1288,2017,8.31
1289,2017,15.29
1290,2017,10.71
1291,2017,9.73
1292,2017,8.77
1293,2017,9.99
1294,2017,9.33
1295,2017,8.76
1296,2017,12.59
1297,2017,17.2
1298,2017,22.4
1299,2017,10.38
1300,2017,12.38
1301,2017,14.01
1302,2017,14.81
1303,2017,8.9
1304,2017,8.801
1305,2017,11.98
1306,2017,9.22
1307,2017,8.57
1308,2017,8.87
1309,2017,8.09
1310,2017,8.1
1311,2017,8.09
1312,2017,12.23
1313,2017,7.95
1314,2017,8.67
1315,2017,8.53
1316,2017,8.58
1317,2017,8.88
1318,2017,8.9
1319,2017,8.64
1320,2017,8.8
1321,2017,8.75
1322,2017,9.33
1323,2017,9.09
1324,2017,12.74
1325,2017,12.61
1326,2017,7.94
1327,2017,9.46
1328,2017,8.88
1329,2017,8.99
1330,2017,8.12
1331,2017,9.27
1332,2017,8.07
1333,2017,7.8
1334,2017,8.88
1335,2017,10.83
1336,2017,8.33
1337,2017,8.85
1338,2017,8.83
1339,2017,8.74
1340,2017,10.18
1341,2017,10.56
1342,2017,8.53
1343,2017,8.88
1344,2017,8.39
1345,2017,9.21
1346,2017,8.97
1347,2017,7.68
1348,2017,9.01
1349,2017,9.63
1350,2017,9.09
1351,2017,8.72
1352,2018,11.61
1353,2018,12.38
1354,2018,8.12
1355,2018,8.78
1356,2018,8.09
1357,2018,7.72
1358,2018,8.31
1359,2018,10.36
1360,2018,11.63
1361,2018,12.91
1362,2018,12.16
1363,2018,7.76
1364,2018,8.94
1365,2018,9.14
1366,2018,8.53
1367,2018,9.63
1368,2018,10.51
1369,2018,8.92
1370,2018,9.6
1371,2018,9.35
1372,2018,7.99
1373,2018,8.93
1374,2018,16.96
1375,2018,12.93
1376,2018,10.9
1377,2018,11.24
1378,2018,8.17
1379,2018,9.09
1380,2018,8.64
1381,2018,8.69
1382,2018,9.18
1383,2018,8.52
1384,2018,8.22
1385,2018,10.73
1386,2018,9.53
1387,2018,11.78
1388,2018,8.31
1389,2018,8.23
1390,2018,9.95
1391,2018,8.92
1392,2018,9.13
1393,2018,8.11
1394,2018,10.66
1395,2018,10.08
1396,2018,11.19
1397,2018,13.05
1398,2018,11.21
1399,2018,7.96
1400,2018,7.91
1401,2018,8.55
1402,2018,9.08
1403,2018,8.6
1404,2018,8.61
1405,2018,9.03
1406,2018,9.6
1407,2018,11.83
1408,2018,10.28
1409,2018,13.98
1410,2018,8.3
1411,2018,12.2
1412,2018,12.05
1413,2018,10.83
1414,2018,9.19
1415,2018,10.311
1416,2018,11.0
1417,2018,20.02
1418,2018,8.55
1419,2018,12.43
1420,2018,9.64
1421,2018,8.23
1422,2018,8.99
1423,2018,13.43
1424,2018,12.8
1425,2018,8.23
1426,2018,7.91
1427,2018,9.27
1428,2018,10.54
1429,2018,7.84
1430,2018,8.25
1431,2018,9.09
1432,2018,8.63
1433,2018,8.41
1434,2018,9.05
1435,2018,13.95
1436,2018,12.51
1437,2018,8.79
1438,2018,9.85
1439,2018,9.04
1440,2018,9.54
1441,2018,7.67
1442,2018,8.9
1443,2018,10.32
1444,2018,9.35
1445,2018,8.39
1446,2018,10.98
1447,2018,8.31
1448,2018,12.9
1449,2018,11.38
1450,2018,15.54
1451,2018,8.26
1452,2018,9.28
1453,2018,17.78
1454,2018,12.96
1455,2018,9.41
1456,2018,10.48
1457,2018,8.01
1458,2018,14.31
1459,2018,10.33
1460,2018,8.92
1461,2018,12.73
1462,2018,9.11
1463,2018,7.89
1464,2018,9.85
1465,2018,12.2
1466,2018,8.25
1467,2018,7.68
1468,2018,8.57
1469,2018,7.67
1470,2018,9.11
1471,2018,9.42
1472,2018,8.48
1473,2018,8.6
1474,2018,8.12
1475,2018,8.5
1476,2018,8.8
1477,2018,9.33
1478,2018,8.26
1479,2018,8.37
1480,2018,8.89
1481,2018,8.8
1482,2018,9.5
1483,2018,7.69
1484,2018,8.28
1485,2018,8.11
1486,2018,9.11
1487,2018,10.9
1488,2018,12.59
1489,2018,8.02
1490,2018,9.35
1491,2018,15.31
1492,2018,8.68
1493,2018,10.65
1494,2018,8.21
1495,2018,14.22
1496,2018,14.6
1497,2018,10.46
1498,2018,8.61
1499,2018,12.15
1500,2018,7.86
1501,2018,9.94
1502,2018,8.63
1503,2018,7.89
1504,2018,11.36
1505,2018,13.74
1506,2018,7.9
1507,2018,9.81
1508,2018,9.22
1509,2018,10.18
1510,2018,9.84
1511,2018,12.59
1512,2018,15.06
1513,2018,10.64
1514,2018,8.28
1515,2018,10.62
1516,2018,8.62
1517,2018,9.08
1518,2018,9.0
1519,2018,11.11
1520,2018,16.15
1521,2018,14.52
1522,2018,11.43
1523,2018,11.02
1524,2018,8.97
1525,2018,8.57
1526,2018,9.46
1527,2018,8.71
1528,2018,14.8
1529,2018,9.82
1530,2018,12.45
1531,2018,9.01
1532,2018,8.75
1533,2018,8.79
1534,2018,10.85
1535,2018,13.68
1536,2018,12.67
1537,2018,8.64
1538,2018,11.16
1539,2018,11.64
1540,2018,11.18
1541,2018,16.6
1542,2018,9.8
1543,2018,10.99
1544,2018,12.44
1545,2018,11.47
1546,2018,8.65
1547,2018,12.95
1548,2018,10.42
1549,2018,14.71
1550,2018,8.31
1551,2018,11.37
1552,2018,8.06
1553,2018,9.8
1554,2018,7.6
1555,2018,10.98
1556,2018,8.2
1557,2018,7.79
1558,2018,10.89
1559,2018,11.51
1560,2018,13.37
1561,2018,8.03
1562,2018,8.62
1563,2018,9.0
1564,2018,9.4
1565,2018,9.28
1566,2018,12.99
1567,2018,8.16
1568,2018,8.56
1569,2018,8.48
1570,2018,8.58
1571,2018,9.33
1572,2018,10.97
1573,2018,11.51
1574,2018,10.38
1575,2018,10.32
1576,2018,8.19
1577,2018,9.49
1578,2018,11.51
1579,2018,8.28
1580,2018,9.5
1581,2018,8.82
1582,2018,14.21
1583,2018,9.18
1584,2018,10.99
1585,2018,11.61
1586,2018,8.68
1587,2018,8.61
1588,2018,8.69
1589,2018,9.58
1590,2018,13.72
1591,2018,9.86
1592,2018,11.07
1593,2018,8.47
1594,2018,9.96
1595,2018,9.27
1596,2018,10.36
1597,2018,11.89
1598,2018,13.59
1599,2018,8.26
1600,2018,8.77
1601,2018,9.02
1602,2018,11.15
1603,2018,10.8
1604,2018,10.9
1605,2018,10.39
1606,2018,29.49
1607,2018,10.53
1608,2018,8.3
1609,2018,12.64
1610,2018,10.58
1611,2018,18.12
1612,2018,9.72
1613,2018,8.14
1614,2018,8.61
1615,2018,7.76
1616,2018,7.97
1617,2018,8.65
1618,2018,9.17
1619,2018,9.69
1620,2018,8.41
1621,2018,10.22
1622,2018,8.09
1623,2018,8.3
1624,2018,10.58
1625,2018,11.42
1626,2018,10.7
1627,2018,14.66
1628,2018,8.47
1629,2018,9.38
1630,2018,8.92
1631,2018,11.44
1632,2018,10.44
1633,2018,8.53
1634,2018,10.91
1635,2018,9.96
1636,2018,9.75
1637,2018,12.84
1638,2018,13.33
1639,2018,14.07
1640,2018,14.4
1641,2018,12.42
1642,2018,8.02
1643,2018,8.52
1644,2018,9.07
1645,2018,9.03
1646,2018,10.04
1647,2018,10.79
1648,2018,11.03
1649,2018,11.22
1650,2018,11.36
1651,2018,12.23
1652,2018,23.29
1653,2018,13.14
1654,2018,12.58
1655,2018,12.04
1656,2018,16.13
1657,2018,12.38
1658,2018,14.9
1659,2018,11.73
1660,2018,7.874
1661,2018,12.23
1662,2018,8.43
1663,2018,8.15
1664,2018,12.1
1665,2018,7.877
1666,2018,8.23
1667,2018,8.28
1668,2018,9.97
1669,2018,8.4
1670,2018,16.9
1671,2018,10.67
1672,2018,11.21
1673,2018,8.96
1674,2018,8.58
1675,2018,14.99
1676,2018,9.14
1677,2018,9.48
1678,2018,7.91
1679,2018,9.26
1680,2018,8.54
1681,2018,11.03
1682,2018,14.54
1683,2018,10.57
1684,2018,15.09
1685,2018,8.36
1686,2018,8.07
1687,2018,8.9
1688,2018,9.17
1689,2018,11.52
1690,2018,8.62
1691,2018,8.24
1692,2018,10.69
1693,2018,7.98
1694,2018,9.78
1695,2018,12.48
1696,2018,8.13
1697,2018,7.86
1698,2018,10.82
1699,2018,7.6
1700,2018,7.89
1701,2018,12.74
1702,2018,8.24
1703,2018,8.09
1704,2018,8.39
1705,2018,8.36
1706,2018,14.85
1707,2018,9.81
1708,2018,11.67
1709,2018,8.66
1710,2018,8.6
1711,2018,8.98
1712,2018,8.88
1713,2018,9.22
1714,2018,7.99
1715,2018,7.95
1716,2018,8.49
1717,2018,10.34
1718,2018,12.74
1719,2018,10.04
1720,2018,16.1
1721,2018,8.94
1722,2018,8.25
1723,2018,8.67
1724,2018,9.04
1725,2018,11.51
1726,2018,8.26
1727,2018,11.31
1728,2019,7.88
1729,2019,15.917
1730,2019,8.102
1731,2019,9.539
1732,2019,11.274
1733,2019,9.339
1734,2019,9.154
1735,2019,9.509
1736,2019,11.002
1737,2019,11.656
1738,2019,7.999
1739,2019,8.024
1740,2019,10.116
1741,2019,10.627
1742,2019,12.818
1743,2019,9.902
1744,2019,11.236
1745,2019,7.464
1746,2019,8.59
1747,2019,8.924
1748,2019,11.171
1749,2019,11.983
1750,2019,10.431
1751,2019,8.395
1752,2019,8.259
1753,2019,9.828
1754,2019,7.967
1755,2019,12.628
1756,2019,10.255
1757,2019,10.593
1758,2019,10.05
1759,2019,8.462
1760,2019,9.079
1761,2019,8.851
1762,2019,12.849
1763,2019,9.051
1764,2019,8.13
1765,2019,9.232
1766,2019,9.424
1767,2019,12.017
1768,2019,11.154
1769,2019,12.287
1770,2019,7.711
1771,2019,7.86
1772,2019,10.356
1773,2019,13.934
1774,2019,10.102
1775,2019,15.23
1776,2019,9.26
1777,2019,11.438
1778,2019,10.069
1779,2019,10.97
1780,2019,10.488
1781,2019,8.438
1782,2019,8.577
1783,2019,9.161
1784,2019,8.635
1785,2019,9.205
1786,2019,8.693
1787,2019,11.936
1788,2019,10.049
1789,2019,9.911
1790,2019,8.544
1791,2019,8.75
1792,2019,9.316
1793,2019,11.364
1794,2019,9.389
1795,2019,13.878
1796,2019,14.425
1797,2019,13.464
1798,2019,18.992
1799,2019,10.972
1800,2019,10.128
1801,2019,10.331
1802,2019,9.691
1803,2019,12.693
1804,2019,7.471
1805,2019,12.801
1806,2019,9.694
1807,2019,9.848
1808,2019,9.409
1809,2019,7.484
1810,2019,8.931
1811,2019,11.152
1812,2019,13.098
1813,2019,10.935
1814,2019,10.74
1815,2019,7.99
1816,2019,7.738
1817,2019,12.523
1818,2019,11.13
1819,2019,9.989
1820,2019,11.346
1821,2019,9.557
1822,2019,10.255
1823,2019,7.618
1824,2019,8.478
1825,2019,10.591
1826,2019,12.127
1827,2019,9.955
1828,2019,8.31
1829,2019,8.461
1830,2019,8.042
1831,2019,8.213
1832,2019,8.174
1833,2019,8.212
1834,2019,12.471
1835,2019,11.828
1836,2019,10.536
1837,2019,9.463
1838,2019,8.358
1839,2019,8.446
1840,2019,14.379
1841,2019,12.261
1842,2019,8.961
1843,2019,8.218
1844,2019,8.774
1845,2019,12.34
1846,2019,11.444
1847,2019,10.592
1848,2019,10.058
1849,2019,10.633
1850,2019,7.739
1851,2019,10.838
1852,2019,9.983
1853,2019,14.077
1854,2019,10.094
1855,2019,9.642
1856,2019,8.334
1857,2019,11.063
1858,2019,11.143
1859,2019,10.898
1860,2019,10.363
1861,2019,8.312
1862,2019,8.807
1863,2019,8.205
1864,2019,8.406
1865,2019,13.025
1866,2019,9.776
1867,2019,12.692
1868,2019,13.552
1869,2019,8.568
1870,2019,10.826
1871,2019,13.998
1872,2019,13.164
1873,2019,14.954
1874,2019,9.711
1875,2019,12.271
1876,2019,12.955
1877,2019,11.272
1878,2019,7.566
1879,2019,13.388
1880,2019,9.919
1881,2019,11.481
1882,2019,9.47
1883,2019,9.745
1884,2019,23.211
1885,2019,7.285
1886,2019,8.664
1887,2019,9.449
1888,2019,11.096
1889,2019,10.723
1890,2019,8.089
1891,2019,7.732
1892,2019,10.084
1893,2019,12.536
1894,2019,9.805
1895,2019,10.506
1896,2019,10.124
1897,2019,7.684
1898,2019,8.26
1899,2019,8.904
1900,2019,11.395
1901,2019,8.071
1902,2019,8.368
1903,2019,7.96
1904,2019,7.971
1905,2019,8.219
1906,2019,8.287
1907,2019,11.905
1908,2019,11.938
1909,2019,13.07
1910,2019,10.012
1911,2019,11.12
1912,2019,8.233
1913,2019,8.405
1914,2019,9.095
1915,2019,7.774
1916,2019,8.587
1917,2019,12.639
1918,2019,11.136
1919,2019,9.954
1920,2019,10.574
1921,2019,7.793
1922,2019,9.959
1923,2019,9.589
1924,2019,8.415
1925,2019,10.962
1926,2019,10.939
1927,2019,10.731
1928,2019,10.109
1929,2019,8.291
1930,2019,8.49
1931,2019,8.411
1932,2019,8.755
1933,2019,12.309
1934,2019,10.362
1935,2019,8.759
1936,2019,13.176
1937,2019,12.171
1938,2019,14.878
1939,2019,8.871
1940,2019,10.504
1941,2019,12.124
1942,2019,11.327
1943,2019,8.693
1944,2019,12.401
1945,2019,10.966
1946,2019,7.224
1947,2019,9.697
1948,2019,8.011
1949,2019,9.366
1950,2019,16.129
1951,2019,9.798
1952,2019,9.598
1953,2019,10.509
1954,2019,8.311
1955,2019,7.638
1956,2019,10.04
1957,2019,11.333
1958,2019,11.301
1959,2019,11.042
1960,2019,10.584
1961,2019,8.626
1962,2019,8.766
1963,2019,8.571
1964,2019,11.594
1965,2019,12.66
1966,2019,8.208
1967,2019,8.257
1968,2019,9.852
1969,2019,7.833
1970,2019,8.345
1971,2019,11.784
1972,2019,11.637
1973,2019,10.567
1974,2019,9.529
1975,2019,8.815
1976,2019,14.566
1977,2019,12.118
1978,2019,8.965
1979,2019,7.602
1980,2019,11.072
1981,2019,9.924
1982,2019,12.164
1983,2019,9.764
1984,2019,10.789
1985,2019,10.485
1986,2019,8.94
1987,2019,9.8
1988,2019,12.93
1989,2019,9.256
1990,2019,12.941
1991,2019,8.239
1992,2019,9.919
1993,2019,11.926
1994,2019,10.093
1995,2019,7.959
1996,2019,8.987
1997,2019,8.115
1998,2019,8.642
1999,2019,8.478
2000,2019,10.196
2001,2019,10.597
2002,2019,11.211
2003,2019,16.434
2004,2019,9.286
2005,2019,9.151
2006,2019,9.689
2007,2019,14.285
2008,2019,16.554
2009,2019,13.989
2010,2019,11.686
2011,2019,14.949
2012,2019,10.789
2013,2019,12.83
2014,2019,10.269
2015,2019,11.858
2016,2019,9.411
2017,2019,7.842
2018,2019,9.832
2019,2019,8.203
2020,2019,9.681
2021,2019,9.746
2022,2019,15.93
2023,2019,9.844
2024,2019,9.308
2025,2019,9.477
2026,2019,8.886
2027,2019,9.914
2028,2019,9.657
2029,2019,9.298
2030,2019,10.153
2031,2019,8.538
2032,2019,9.002
2033,2019,9.54
2034,2019,12.912
2035,2019,9.801
2036,2019,8.204
2037,2019,8.493
2038,2019,9.723
2039,2019,8.68
2040,2019,8.78
2041,2019,12.743
2042,2019,12.13
2043,2019,13.435
2044,2019,9.616
2045,2019,11.122
2046,2019,9.203
2047,2019,10.173
2048,2019,14.593
2049,2019,12.788
2050,2019,9.247
2051,2019,7.824
2052,2019,9.268
2053,2019,13.481
2054,2019,11.472
2055,2019,10.099
2056,2019,11.907
2057,2019,11.387
2058,2019,7.885
2059,2019,8.667
2060,2019,10.246
2061,2019,9.391
2062,2019,9.532
2063,2019,12.648
2064,2019,13.699
2065,2019,14.948
2066,2019,8.719
2067,2019,10.256
2068,2019,10.715
2069,2019,11.523
2070,2019,13.734
2071,2019,10.909
2072,2019,8.161
2073,2019,9.221
2074,2019,9.233
2075,2019,8.937
2076,2019,8.508
2077,2019,9.941
2078,2019,10.338
2079,2019,12.076
2080,2019,13.057
2081,2019,9.496
2082,2019,9.62
2083,2019,12.142
2084,2019,14.151
2085,2019,13.704
2086,2019,15.246
2087,2019,15.304
2088,2019,13.79
2089,2019,12.295
2090,2019,16.726
2091,2019,13.889
2092,2019,12.096
2093,2019,13.8
2094,2019,11.562
2095,2019,9.387
2096,2019,17.209
2097,2019,7.423
2098,2019,10.434
2099,2019,7.707
2100,2019,8.712
2101,2019,10.652
2102,2019,9.481
2103,2019,10.429
2104,2019,7.592
2105,2019,11.065
2106,2019,9.087
2107,2019,8.777
2108,2019,8.602
2109,2019,8.749
2110,2019,9.886
2111,2019,9.013
2112,2019,8.097
2113,2019,7.718
2114,2019,12.449
2115,2019,9.469
2116,2019,11.928
2117,2019,9.859
2118,2019,8.152
2119,2019,8.486
2120,2019,12.507
2121,2019,9.138
2122,2019,9.503
2123,2019,8.635
2124,2019,12.98
2125,2019,10.696
2126,2019,9.695
2127,2019,10.581
2128,2019,8.207
2129,2019,8.528
2130,2019,7.204
2131,2019,8.712
2132,2019,13.014
2133,2019,9.302
2134,2019,9.245
2135,2019,11.366
2136,2019,12.074
2137,2019,8.901
2138,2019,8.415
2139,2019,8.842
2140,2019,11.292
2141,2019,13.097
2142,2019,8.508
2143,2019,12.247
2144,2019,10.566
2145,2019,9.245
2146,2019,16.053
2147,2022,9.65
2148,2022,8.03
2149,2022,7.579
2150,2022,7.699
2151,2022,7.67
2152,2022,7.691
2153,2022,7.62
2154,2022,8.42
2155,2022,8.28
2156,2022,7.24
2157,2022,7.574
2158,2022,8.07
2159,2022,8.79
2160,2022,7.67
2161,2022,7.06
2162,2022,7.0
2163,2022,7.66
2164,2022,7.698
2165,2022,7.02
2166,2022,8.8
2167,2022,8.18
2168,2022,9.93
2169,2022,10.29
2170,2022,11.5
2171,2022,9.94
2172,2022,6.64
2173,2022,7.55
2174,2022,9.24
2175,2022,8.78
2176,2022,7.51
2177,2022,7.15
2178,2022,7.8
2179,2022,8.05
2180,2022,11.06
2181,2022,7.31
2182,2022,8.47
2183,2022,7.26
2184,2022,7.4
2185,2022,7.83
2186,2022,7.67
2187,2022,9.14
2188,2022,7.99
2189,2022,9.39
2190,2022,11.57
2191,2022,8.12
2192,2022,8.2
2193,2022,8.18
2194,2022,8.23
2195,2022,8.48
2196,2022,8.62
2197,2022,8.67
2198,2022,9.22
2199,2022,9.3
2200,2022,9.44
2201,2022,9.45
2202,2022,9.86
2203,2022,10.06
2204,2022,10.72
2205,2022,11.23
2206,2022,6.89
2207,2022,7.9
2208,2022,8.94
2209,2022,8.03
2210,2022,7.67
2211,2022,8.81
2212,2022,9.48
2213,2022,13.43
2214,2022,7.89
2215,2022,7.45
2216,2022,8.2
2217,2022,9.04
2218,2022,8.55
2219,2022,7.24
2220,2022,7.47
2221,2022,8.07
2222,2022,8.663
2223,2022,8.12
2224,2022,10.1
2225,2022,7.29
2226,2022,10.99
2227,2022,10.04
2228,2022,11.48
2229,2022,8.4
2230,2022,8.78
2231,2022,8.668
2232,2022,9.4
2233,2022,10.76
2234,2022,6.53
2235,2022,7.86
2236,2022,8.44
2237,2022,7.93
2238,2022,7.66
2239,2022,8.52
2240,2022,12.55
2241,2022,14.8
2242,2022,10.22
2243,2022,28.1
2244,2022,7.6
2245,2022,10.83
2246,2022,9.08
2247,2022,8.56
2248,2022,7.04
2249,2022,7.16
2250,2022,7.78
2251,2022,8.41
2252,2022,7.58
2253,2022,9.21
2254,2022,7.05
2255,2022,8.75
2256,2022,10.57
2257,2022,9.46
2258,2022,14.53
2259,2022,8.1
2260,2022,8.74
2261,2022,7.7
2262,2022,9.38
2263,2022,9.34
2264,2022,10.04
2265,2022,7.72
2266,2022,8.0
2267,2022,7.6
2268,2022,7.4
2269,2022,7.66
2270,2022,6.91
2271,2022,6.97
2272,2022,9.2
2273,2022,12.93
2274,2022,7.78
2275,2022,11.45
2276,2022,7.21
2277,2022,8.8
2278,2022,9.64
2279,2022,7.96
2280,2022,7.43
2281,2022,8.15
2282,2022,8.45
2283,2022,8.49
2284,2022,6.94
2285,2022,7.36
2286,2022,8.02
2287,2022,8.07
2288,2022,8.247
2289,2022,8.72
2290,2022,8.78
2291,2022,9.65
2292,2022,7.05
2293,2022,6.95
2294,2022,7.26
2295,2022,7.38
2296,2022,8.38
2297,2022,7.85
2298,2022,9.17
2299,2022,7.19
2300,2022,8.57
2301,2022,9.25
2302,2022,8.05
2303,2022,7.92
2304,2022,7.83
2305,2022,8.33
2306,2022,8.241
2307,2022,8.1
2308,2022,8.73
2309,2022,9.61
2310,2022,8.99
2311,2022,7.8
2312,2022,7.73
2313,2022,7.41
2314,2022,7.99
2315,2022,7.09
2316,2022,7.02
2317,2022,8.67
2318,2022,12.11
2319,2022,7.65
2320,2022,7.19
2321,2022,8.41
2322,2022,7.7
2323,2022,7.22
2324,2022,8.37
2325,2022,6.74
2326,2022,8.08
2327,2022,7.05
2328,2022,8.73
2329,2022,8.15
2330,2022,8.2
2331,2022,7.324
2332,2022,6.85
2333,2022,9.07
2334,2022,6.87
2335,2022,7.15
2336,2022,7.321
2337,2022,8.16
2338,2022,7.87
2339,2022,7.86
2340,2022,9.18
2341,2022,8.84
2342,2022,7.39
2343,2022,7.96
2344,2022,8.27
2345,2022,8.13
2346,2022,7.92
2347,2022,8.6
2348,2022,9.12
2349,2022,8.74
2350,2022,8.83
2351,2022,7.9
2352,2022,7.31
2353,2022,6.75
2354,2022,8.26
2355,2022,7.36
2356,2022,7.21
2357,2022,8.23
2358,2022,6.84
2359,2022,7.4
2360,2022,7.73
2361,2022,8.62
2362,2022,8.22
2363,2022,9.5
2364,2022,7.82
2365,2022,7.99
2366,2022,9.08
2367,2022,6.91
2368,2022,7.12
2369,2022,7.72
2370,2022,7.18
2371,2022,8.09
2372,2022,10.23
2373,2022,9.42
2374,2022,7.427
2375,2022,8.35
2376,2022,7.63
2377,2022,9.07
2378,2022,8.7
2379,2022,7.422
2380,2022,7.85
2381,2022,9.28
2382,2022,10.17
2383,2022,11.11
2384,2022,11.15
2385,2022,7.29
2386,2022,9.09
2387,2023,6.37
2388,2023,7.21
2389,2023,7.35
2390,2023,7.401
2391,2023,9.42
2392,2023,9.54
2393,2023,10.12
2394,2023,10.28
2395,2023,7.57
2396,2023,8.61
2397,2023,7.85
2398,2023,7.41
2399,2023,7.4
2400,2023,7.2
2401,2023,6.74
2402,2023,7.42
2403,2023,7.994
2404,2023,8.396
2405,2023,7.51
2406,2023,8.37
2407,2023,7.44
2408,2023,6.84
2409,2023,13.68
2410,2023,9.179
2411,2023,6.9
2412,2023,6.72
2413,2023,6.66
2414,2023,7.33
2415,2023,8.16
2416,2023,7.3
2417,2023,6.82
2418,2023,9.56
2419,2023,9.87
2420,2023,7.08
2421,2023,9.03
2422,2023,7.65
2423,2023,8.22
2424,2023,7.84
2425,2023,7.993
2426,2023,8.21
2427,2023,9.39
2428,2023,8.54
2429,2023,8.39
2430,2023,9.79
2431,2023,9.96
2432,2023,9.175
2433,2023,11.04
2434,2023,6.36
2435,2023,7.56
2436,2023,7.42
2437,2023,9.92
2438,2023,9.94
2439,2023,7.37
2440,2023,7.46
2441,2023,7.384
2442,2023,7.85
2443,2023,7.03
2444,2023,6.65
2445,2023,8.09
2446,2023,8.4
2447,2023,8.99
2448,2023,7.69
2449,2023,7.05
2450,2023,6.745
2451,2023,7.23
2452,2023,8.68
2453,2023,9.35
2454,2023,9.16
2455,2023,6.92
2456,2023,10.56
2457,2023,6.82
2458,2023,6.749
2459,2023,7.383
2460,2023,7.92
2461,2023,7.43
2462,2023,6.97
2463,2023,10.75
2464,2023,7.32
2465,2023,7.62
2466,2023,8.44
2467,2023,8.35
2468,2023,8.21
2469,2023,8.29
2470,2023,9.42
2471,2023,8.51
2472,2023,8.17
2473,2023,9.51
2474,2023,10.99
2475,2023,7.3
2476,2023,7.49
2477,2023,7.759
2478,2023,7.752
2479,2023,6.42
2480,2023,8.29
2481,2023,9.46
2482,2023,10.6
2483,2023,7.75
2484,2023,8.81
2485,2023,8.82
2486,2023,7.861
2487,2023,7.37
2488,2023,8.69
2489,2023,7.13
2490,2023,6.86
2491,2023,8.25
2492,2023,7.528
2493,2023,11.02
2494,2023,7.68
2495,2023,7.94
2496,2023,7.35
2497,2023,6.88
2498,2023,7.89
2499,2023,8.61
2500,2023,8.46
2501,2023,7.05
2502,2023,6.84
2503,2023,6.95
2504,2023,7.5
2505,2023,8.15
2506,2023,7.527
2507,2023,6.9
2508,2023,9.93
2509,2023,8.84
2510,2023,10.53
2511,2023,7.41
2512,2023,8.6
2513,2023,7.868
2514,2023,8.28
2515,2023,8.0
2516,2023,8.19
2517,2023,8.4
2518,2023,9.68
2519,2023,9.03
2520,2023,8.67
2521,2023,9.59
2522,2023,9.97
2523,2023,9.99
2524,2023,10.03
2525,2023,7.26
2526,2023,7.41
2527,2023,7.32
2528,2023,10.11
2529,2023,9.94
2530,2023,10.21
2531,2023,8.68
2532,2023,8.24
2533,2023,8.5
2534,2023,11.23
2535,2023,7.43
2536,2023,7.72
2537,2023,7.09
2538,2023,6.92
2539,2023,12.1
2540,2023,7.3
2541,2023,8.001
2542,2023,8.49
2543,2023,7.27
2544,2023,7.36
2545,2023,7.24
2546,2023,6.84
2547,2023,7.06
2548,2023,7.67
2549,2023,8.514
2550,2023,9.01
2551,2023,7.13
2552,2023,6.82
2553,2023,6.55
2554,2023,7.17
2555,2023,7.95
2556,2023,7.8
2557,2023,6.68
2558,2023,8.74
2559,2023,8.95
2560,2023,9.29
2561,2023,12.39
2562,2023,7.28
2563,2023,7.76
2564,2023,7.62
2565,2023,8.31
2566,2023,7.87
2567,2023,8.84
2568,2023,8.19
2569,2023,8.006
2570,2023,8.89
2571,2023,7.61
2572,2023,9.84
2573,2023,7.72
2574,2023,8.39
2575,2023,16.62
2576,2023,8.13
2577,2023,8.519
2578,2023,7.24
2579,2023,7.504
2580,2023,7.503
2581,2023,9.67
2582,2023,10.05
2583,2023,10.13
2584,2023,8.86
2585,2023,8.29
2586,2023,11.35
2587,2023,10.19
2588,2023,7.372
2589,2023,7.45
2590,2023,7.34
2591,2023,6.74
2592,2023,14.38
2593,2023,7.62
2594,2023,7.98
2595,2023,8.32
2596,2023,8.007
2597,2023,7.375
2598,2023,7.14
2599,2023,7.18
2600,2023,9.28
2601,2023,9.63
2602,2023,8.54
2603,2023,6.96
2604,2023,6.77
2605,2023,6.72
2606,2023,7.17
2607,2023,7.84
2608,2023,7.4
2609,2023,6.78
2610,2023,7.76
2611,2023,9.14
2612,2023,10.85
2613,2023,9.03
2614,2023,7.33
2615,2023,8.34
2616,2023,7.26
2617,2023,8.0
2618,2023,7.78
2619,2023,8.89
2620,2023,8.52
2621,2023,8.02
2622,2023,8.96
2623,2023,7.77
2624,2023,10.37
2625,2023,7.3
2626,2023,8.71
2627,2023,14.76
2628,2023,8.23
2629,2023,9.45
2630,2023,6.3
2631,2023,7.14
2632,2023,7.72
2633,2023,6.95
2634,2023,10.17
2635,2023,7.68
2636,2023,7.3
2637,2023,7.53
2638,2023,7.04
2639,2023,7.54
2640,2023,10.49
2641,2023,7.41
2642,2023,8.43
2643,2023,6.68
2644,2023,7.0
2645,2023,7.32
2646,2023,8.7
2647,2023,7.24
2648,2023,6.61
2649,2023,6.96
2650,2023,7.102
2651,2023,7.47
2652,2023,9.37
2653,2023,8.26
2654,2023,8.08
2655,2023,9.88
2656,2023,8.89
2657,2023,7.86
2658,2023,9.73
2659,2023,9.25
2660,2023,7.104
2661,2023,6.98
2662,2023,8.31
2663,2023,10.2
2664,2023,8.56
2665,2024,6.87
2666,2024,6.81
2667,2024,7.36
2668,2024,7.39
2669,2024,7.71
2670,2024,7.32
2671,2024,7.14
2672,2024,7.44
2673,2024,7.2
2674,2024,7.1
2675,2024,9.88
2676,2024,7.63
2677,2024,6.74
2678,2024,6.96
2679,2024,7.238
2680,2024,7.87
2681,2024,7.3
2682,2024,7.17
2683,2024,8.35
2684,2024,6.58
2685,2024,7.0
2686,2024,7.15
2687,2024,7.34
2688,2024,7.25
2689,2024,6.44
2690,2024,7.25
2691,2024,8.61
2692,2024,6.86
2693,2024,7.6
2694,2024,7.59
2695,2024,9.0
2696,2024,7.8
2697,2024,8.09
2698,2024,7.85
2699,2024,7.73
2700,2024,8.48
2701,2024,8.6
2702,2024,7.54
2703,2024,8.2
2704,2024,7.91
2705,2024,7.233
2706,2024,7.4
2707,2024,9.92
2708,2024,8.4
2709,2024,7.08
2710,2024,7.48
2711,2024,6.94
2712,2024,6.93
2713,2024,7.47
2714,2024,6.57
2715,2024,10.92
2716,2024,9.64
2717,2024,9.37
2718,2024,8.38
2719,2024,8.18
2720,2024,7.51
2721,2024,7.71
2722,2024,9.02
2723,2024,9.61
2724,2024,8.44
2725,2024,9.58
2726,2024,9.6
2727,2024,10.77
2728,2024,8.04
2729,2024,7.81
2730,2024,7.41
2731,2024,6.87
2732,2024,8.8
2733,2024,7.12
2734,2024,6.91
2735,2024,10.0
2736,2024,7.01
2737,2024,8.35
2738,2024,6.78
2739,2024,8.47
2740,2024,6.64
2741,2024,7.17
2742,2024,7.04
2743,2024,8.4
2744,2024,6.9
2745,2024,10.12
2746,2024,8.44
2747,2024,8.0
2748,2024,8.12
2749,2024,7.6
2750,2024,8.34
2751,2024,7.58
2752,2024,8.74
2753,2024,7.22
2754,2024,6.99
2755,2024,7.91
2756,2024,7.8
2757,2024,8.23
2758,2024,8.6
2759,2024,9.17
2760,2024,7.72
2761,2024,8.36
2762,2024,10.77
2763,2024,6.64
2764,2024,8.72
2765,2024,7.33
2766,2024,7.01
2767,2024,8.0
2768,2024,7.68
2769,2024,6.84
2770,2024,6.74
2771,2024,7.5
2772,2024,6.83
2773,2024,6.85
2774,2024,8.63
2775,2024,6.96
2776,2024,8.24
2777,2024,7.9
2778,2024,7.6
2779,2024,8.39
2780,2024,7.58
2781,2024,8.44
2782,2024,7.27
2783,2024,8.84
2784,2024,7.12
2785,2024,7.64
2786,2024,7.49
2787,2024,8.4
2788,2024,9.1
2789,2024,8.21
2790,2024,10.92
2791,2024,7.74
2792,2024,8.23
2793,2024,6.97
2794,2024,6.77
2795,2024,7.44
2796,2024,7.25
2797,2024,8.16
2798,2024,6.96
2799,2024,6.99
2800,2024,7.39
2801,2024,6.59
2802,2024,7.584
2803,2024,8.38
2804,2024,8.64
2805,2024,8.73
2806,2024,6.78
2807,2024,7.38
2808,2024,8.31
2809,2024,7.57
2810,2024,8.29
2811,2024,7.588
2812,2024,7.48
2813,2024,8.91
2814,2024,8.37
2815,2024,8.85
2816,2024,9.67
2817,2024,11.52
2818,2024,9.6
2819,2024,9.12
2820,2024,8.15
2821,2024,7.97
2822,2024,9.75
2823,2024,10.29
2824,2025,6.43
2825,2025,6.54
2826,2025,6.58
2827,2025,10.03
2828,2025,7.82
2829,2025,7.19
2830,2025,7.43
2831,2025,6.37
2832,2025,7.116
2833,2025,7.81
2834,2025,6.42
2835,2025,7.118
2836,2025,7.57
2837,2025,7.71
2838,2025,6.5
2839,2025,10.54
2840,2025,7.13
2841,2025,6.47
2842,2025,6.36
2843,2025,9.97
2844,2025,7.23
2845,2025,7.49
2846,2025,8.56
2847,2025,6.74
2848,2025,9.42
2849,2025,7.75
2850,2025,7.69
2851,2025,7.33
2852,2025,6.94
2853,2025,7.0
2854,2025,7.61
2855,2025,12.61
2856,2025,6.56
2857,2025,6.63
2858,2025,7.1
2859,2025,7.41
2860,2025,11.14
2861,2025,6.34
2862,2025,6.44
2863,2025,7.98
2864,2025,7.26
2865,2025,7.84
2866,2025,7.22
2867,2025,8.2
2868,2025,8.99
2869,2025,8.01
2870,2025,6.64
2871,2025,7.35
2872,2025,7.38
2873,2025,6.591
2874,2025,7.362
2875,2025,7.441
2876,2025,7.67
2877,2025,6.597
2878,2025,7.3
2879,2025,7.57
2880,2025,7.23
2881,2025,7.33
2882,2025,8.3
2883,2025,8.71
2884,2025,9.56
2885,2025,7.95
2886,2025,7.2
2887,2025,7.361
2888,2025,11.34
2889,2025,7.44
2890,2025,9.58
2891,2025,7.04
2892,2025,7.54
2893,2025,7.9
2894,2025,7.42
2895,2025,7.88
2896,2025,7.0
2897,2025,7.39
2898,2025,7.75
2899,2025,8.32
2900,2025,6.79
2901,2025,6.56
2902,2025,8.09
2903,2025,7.33
2904,2025,7.35
2905,2025,7.67
2906,2025,8.37
2907,2025,7.28
2908,2025,6.5
2909,2025,7.79
2910,2025,6.44
2911,2025,7.02
2912,2025,7.24
2913,2025,6.36
2914,2025,7.82
2915,2025,7.93
2916,2025,7.42
2917,2025,8.39
2918,2025,7.338
2919,2025,7.49
2920,2025,8.32
2921,2025,8.96
2922,2025,6.95
2923,2025,6.74
2924,2025,7.99
2925,2025,9.58
2926,2025,9.46
2927,2025,6.26
2928,2025,7.11
2929,2025,6.68
2930,2025,8.87
2931,2025,7.61
2933,2025,7.36
2934,2025,7.74
2935,2025,6.79
2936,2025,7.1
2937,2025,8.56
2938,2025,7.86
2939,2025,6.857
2940,2025,7.16
2941,2025,7.49
2942,2025,7.15
2943,2025,6.851
2944,2025,6.48
2945,2025,7.261
2946,2025,7.06
2947,2025,6.682
2948,2025,8.05
2949,2025,7.7
2950,2025,6.71
2951,2025,7.67
2952,2025,7.268
2953,2025,7.491
2954,2025,8.71
2955,2025,8.77
2956,2025,9.23
2957,2025,7.14
2958,2025,7.28
2959,2025,7.53
2960,2025,7.71
2961,2025,8.38
2962,2025,8.7
2963,2025,7.05
2964,2025,7.38
2965,2025,10.11
2966,2025,9.09
2967,2025,9.42
2968,2025,7.81
2969,2025,6.86
2970,2025,7.92
2971,2025,9.67
2972,2025,9.21
2973,2025,7.9
2974,2025,7.73
2975,2025,7.66
2976,2025,8.19
2977,2025,8.22
2978,2025,6.38
2979,2025,7.08
2980,2025,6.546
2981,2025,8.7
2982,2025,9.2
2983,2025,7.38
2984,2025,7.24
2985,2025,7.11
2986,2025,7.461
2987,2025,6.42
2988,2025,7.039
2989,2025,7.18
2990,2025,7.732
2991,2025,7.94
2992,2025,7.231
2993,2025,7.76
2994,2025,7.679
2995,2025,6.94
2996,2025,7.13
2997,2025,6.8
2998,2025,6.6
2999,2025,7.016
3000,2025,7.232
3001,2025,7.033
3002,2025,6.54
3003,2025,7.64
3004,2025,9.25
3005,2025,6.59
3006,2025,7.36
3007,2025,7.17
3008,2025,7.55
3009,2025,7.43
3010,2025,8.55
3011,2025,9.04
3012,2025,7.07
3013,2025,7.011
3014,2025,8.32
3015,2025,8.22
3016,2025,6.89
3017,2025,7.677
3018,2025,10.38
3019,2025,9.72
3020,2025,7.27
3021,2025,6.55
3022,2025,7.736
3023,2025,7.12
3024,2025,7.82
3025,2025,7.463
3026,2025,7.69
3027,2025,7.71
3028,2025,8.93
3029,2025,8.44
3030,2025,8.72
3031,2025,6.77
3032,2025,6.62
3033,2025,6.47
3034,2025,6.68
3035,2025,6.58
3036,2025,7.32
3037,2025,6.88
3038,2025,7.15
3039,2025,6.52
3040,2025,8.81
3041,2025,6.49
3042,2025,7.61
3043,2025,7.64
3044,2025,7.761
3045,2025,9.61
3046,2025,7.19
3047,2025,7.02
3048,2025,7.14
3049,2025,7.23
3050,2025,7.82
3051,2025,6.37
3052,2025,6.73
3053,2025,7.99
3054,2025,7.76
3055,2025,7.26
3056,2025,6.65
