,Year,Gender,NumTops_x,NumTops_y,NumTops
0,2007,Female,2.0,16.0,18.0
1,2008,Female,2.0,15.0,17.0
2,2009,Female,5.0,13.0,18.0
3,2010,Female,6.0,3.0,9.0
4,2011,Female,12.0,34.0,46.0
5,2012,Female,8.0,8.0,16.0
6,2013,Female,5.0,9.0,14.0
7,2014,Female,1.0,3.0,4.0
8,2015,Female,4.0,12.0,16.0
9,2016,Female,3.0,7.0,10.0
10,2017,Female,6.0,9.0,15.0
11,2018,Female,5.0,3.0,8.0
12,2019,Female,6.0,5.0,11.0
13,2020,Female,2.0,0.0,2.0
14,2021,Female,4.0,15.0,19.0
15,2022,Female,8.0,15.0,23.0
16,2023,Female,2.0,3.0,5.0
17,2024,Female,5.0,2.0,7.0
18,2025,Female,2.0,7.0,9.0
19,2009,Male,3.0,6.0,9.0
20,2010,Male,2.0,5.0,7.0
21,2011,Male,5.0,12.0,17.0
22,2012,Male,9.0,3.0,12.0
23,2014,Male,1.0,4.0,5.0
24,2015,Male,1.0,2.0,3.0
25,2017,Male,6.0,2.0,8.0
26,2018,Male,2.0,1.0,3.0
27,2019,Male,7.0,1.0,8.0
28,2020,Male,1.0,0.0,1.0
29,2022,Male,1.0,6.0,7.0
30,2023,Male,3.0,6.0,9.0
31,2025,Male,7.0,1.0,8.0
32,2007,Male,0.0,28.0,28.0
33,2008,Male,0.0,11.0,11.0
34,2013,Male,0.0,15.0,15.0
35,2016,Male,0.0,9.0,9.0
36,2024,Male,0.0,4.0,4.0
