,Year,QualTime
0,2021,6.88
1,2021,5.25
2,2021,6.253
3,2021,6.06
4,2021,6.32
5,2021,6.54
6,2021,6.75
7,2021,6.76
8,2021,6.86
9,2021,6.87
10,2021,6.91
11,2021,7.26
12,2021,8.06
13,2021,9.81
14,2021,5.9
15,2021,6.4
16,2021,6.36
17,2021,7.15
18,2021,6.09
19,2021,6.28
20,2021,6.97
21,2021,6.56
22,2021,5.6
23,2021,7.89
24,2021,6.02
25,2021,7.36
26,2021,6.255
27,2021,6.03
28,2021,6.19
29,2021,5.37
30,2021,6.14
31,2021,6.17
32,2021,7.55
33,2021,7.09
34,2021,7.81
35,2021,6.83
36,2021,9.58
37,2021,7.91
38,2021,5.48
39,2021,8.58
40,2021,5.729
41,2021,6.31
42,2021,6.86
43,2021,6.46
44,2021,5.71
45,2021,5.622
46,2021,6.41
47,2021,5.84
48,2021,6.7
49,2021,5.67
50,2021,5.756
51,2021,7.49
52,2021,5.94
53,2021,5.734
54,2021,5.724
55,2021,5.726
56,2021,5.77
57,2021,5.54
58,2021,6.92
59,2021,6.09
60,2021,5.728
61,2021,6.14
62,2021,6.26
63,2021,6.33
64,2021,6.54
65,2021,6.606
66,2021,6.69
67,2021,5.9
68,2021,7.03
69,2021,8.38
70,2021,5.99
71,2021,5.757
72,2021,5.8
73,2021,5.86
74,2021,6.3
75,2021,7.28
76,2021,5.739
77,2021,5.52
78,2021,5.625
79,2021,5.81
80,2021,5.85
81,2021,6.32
82,2021,6.05
83,2021,6.29
84,2021,5.89
85,2021,5.82
86,2021,6.72
87,2021,6.601
748,2012,6.96
749,2012,11.25
750,2012,7.46
751,2012,7.39
752,2012,6.93
753,2012,6.56
754,2012,6.43
755,2012,6.8
756,2012,7.18
757,2012,7.66
758,2012,6.81
759,2012,8.05
760,2012,7.65
761,2012,6.87
762,2012,6.95
763,2012,6.84
764,2012,8.0
765,2012,6.27
766,2012,8.28
767,2012,7.52
768,2012,6.34
769,2012,7.01
770,2012,6.98
771,2012,6.5
772,2012,6.719
773,2012,7.262
774,2012,7.072
775,2012,7.222
776,2012,7.028
777,2012,6.563
778,2012,6.609
779,2012,6.604
780,2012,7.481
781,2012,6.911
782,2012,6.891
783,2012,6.601
784,2012,7.256
785,2012,6.707
786,2012,6.687
787,2012,8.485
788,2012,8.222
789,2012,7.079
790,2012,7.731
791,2012,7.76
792,2012,7.62
793,2012,8.829
794,2012,7.044
795,2012,6.858
796,2012,11.49
797,2012,6.758
798,2012,13.52
799,2012,18.37
800,2012,14.67
801,2012,14.61
802,2012,13.74
803,2012,13.68
804,2012,13.72
805,2012,15.25
806,2012,15.37
807,2012,13.42
808,2012,15.95
809,2012,15.17
810,2012,20.44
811,2012,16.95
812,2012,14.1
813,2012,14.4
814,2012,7.18
815,2012,8.1
816,2012,6.92
817,2012,8.14
818,2012,7.07
819,2012,7.22
820,2012,6.73
821,2012,6.93
822,2012,7.44
823,2012,8.05
824,2012,7.01
825,2012,8.69
826,2012,8.44
827,2012,6.46
828,2012,6.9
829,2012,7.03
830,2012,8.61
831,2012,6.5
832,2012,6.09
833,2012,6.35
834,2012,6.26
835,2012,6.93
836,2012,7.34
837,2012,6.51
838,2012,6.62
839,2012,7.12
840,2012,6.5
841,2012,6.23
842,2012,6.64
843,2012,6.65
844,2012,7.26
845,2012,9.4
846,2012,7.02
847,2012,7.73
848,2012,10.22
849,2012,6.07
850,2012,12.83
851,2012,6.77
852,2012,6.85
853,2012,6.54
854,2012,6.58
855,2012,6.75
856,2012,8.06
857,2012,7.33
858,2012,6.67
859,2012,6.4
860,2012,6.68
861,2012,11.53
862,2012,8.96
863,2012,10.89
864,2012,6.54
865,2012,6.8
866,2012,6.18
867,2012,9.87
868,2012,6.05
869,2013,6.76
870,2013,7.2
871,2013,6.48
872,2013,6.99
873,2013,8.52
874,2013,9.93
875,2013,6.95
876,2013,6.87
877,2013,7.62
878,2013,6.6
879,2013,6.56
880,2013,7.65
881,2013,6.54
882,2013,8.84
883,2013,7.05
884,2013,8.3
885,2013,6.54
886,2013,6.8
887,2013,6.63
888,2013,7.56
889,2013,7.27
890,2013,6.81
891,2013,6.63
892,2013,6.43
893,2013,7.41
894,2013,6.46
895,2013,6.93
896,2013,6.4
897,2013,7.66
898,2013,6.65
899,2013,6.39
900,2013,6.99
901,2013,6.36
902,2013,7.23
903,2013,9.32
904,2013,11.68
905,2013,12.37
906,2013,13.45
907,2013,13.53
908,2013,13.67
909,2013,16.14
910,2013,16.65
911,2013,17.53
912,2013,18.0
913,2013,20.8
916,2013,7.0
917,2013,6.42
918,2013,20.86
919,2013,6.89
920,2013,6.99
921,2013,6.63
922,2013,7.34
923,2013,6.49
924,2013,6.58
925,2013,6.96
926,2013,7.25
927,2013,6.86
928,2013,7.96
929,2013,6.88
930,2013,6.5
931,2013,7.92
932,2013,7.47
933,2013,6.13
934,2013,7.31
935,2013,7.42
936,2013,7.22
937,2013,7.38
938,2013,9.3
939,2013,7.75
940,2013,7.91
941,2013,8.03
942,2013,8.21
943,2013,8.61
944,2013,6.8
945,2013,6.41
946,2013,8.83
947,2013,6.54
948,2013,6.96
949,2013,8.58
950,2013,7.92
951,2013,7.67
952,2013,6.36
953,2013,7.8
954,2013,6.61
955,2013,7.12
956,2013,8.41
957,2013,7.25
958,2013,6.62
959,2013,6.55
960,2013,6.68
961,2013,7.17
962,2013,6.87
963,2013,9.98
964,2013,7.49
965,2013,7.25
966,2013,7.1
967,2013,7.7
968,2013,7.8
969,2013,8.83
970,2013,6.89
971,2013,6.68
972,2013,6.67
973,2013,7.328
974,2013,12.36
975,2013,6.719
976,2013,6.125
977,2013,6.547
978,2013,6.719
979,2013,7.86
980,2013,7.328
981,2013,6.454
982,2013,6.937
983,2013,7.812
984,2013,6.078
985,2013,6.625
986,2013,10.265
987,2013,6.234
988,2013,7.406
989,2013,8.75
990,2013,9.906
991,2013,6.625
992,2013,6.562
993,2013,6.563
994,2013,9.297
995,2013,6.406
996,2013,6.66
997,2013,6.74
998,2013,6.5
999,2013,6.78
1000,2013,7.97
1001,2013,6.61
1002,2013,6.89
1003,2013,6.21
1004,2013,6.78
1005,2013,7.98
1006,2013,6.43
1007,2013,6.31
1008,2013,6.07
1009,2013,7.08
1010,2013,6.9
1011,2013,6.89
1012,2013,6.99
1013,2013,7.35
1014,2013,6.52
1015,2013,6.94
1016,2013,6.16
1017,2013,10.71
1018,2013,17.99
1019,2013,6.29
1020,2013,6.79
1021,2013,6.68
1022,2013,6.51
1023,2013,6.64
1024,2013,7.5
1025,2013,6.63
1026,2013,6.99
1027,2013,7.26
1028,2013,6.57
1029,2013,7.6
1030,2013,6.2
1031,2013,6.01
1032,2013,6.65
1033,2013,5.98
1034,2013,6.45
1035,2013,7.08
1036,2013,7.0
1037,2013,7.23
1038,2013,6.29
1039,2013,6.85
1040,2013,6.04
1041,2013,9.07
1042,2013,13.57
1043,2013,6.63
1044,2014,6.38
1045,2014,7.95
1046,2014,7.18
1047,2014,6.4
1048,2014,6.75
1049,2014,6.83
1050,2014,7.57
1051,2014,6.62
1052,2014,6.57
1053,2014,6.31
1054,2014,6.83
1055,2014,6.32
1056,2014,11.74
1057,2014,11.91
1058,2014,6.73
1059,2014,8.05
1060,2014,8.61
1061,2014,12.61
1062,2014,6.76
1063,2014,6.34
1064,2014,6.35
1065,2014,6.77
1066,2014,6.93
1067,2014,7.41
1068,2014,7.22
1069,2014,6.47
1070,2014,6.82
1071,2014,6.63
1072,2014,6.47
1073,2014,6.67
1074,2014,6.48
1075,2014,6.35
1076,2014,6.87
1077,2014,9.91
1078,2014,6.96
1079,2014,11.88
1080,2014,7.36
1081,2014,7.68
1082,2014,9.37
1083,2014,11.85
1084,2014,13.44
1085,2014,15.14
1086,2014,6.94
1087,2014,6.45
1088,2014,6.7
1089,2014,6.31
1090,2014,6.32
1091,2014,6.93
1092,2014,7.92
1093,2014,8.45
1094,2014,6.52
1095,2014,6.95
1096,2014,6.33
1097,2014,8.42
1098,2014,6.7
1099,2014,6.56
1100,2014,6.03
1101,2014,6.9
1102,2014,8.13
1103,2014,7.96
1104,2014,7.8
1105,2014,6.95
1106,2014,6.21
1107,2014,9.32
1108,2014,6.69
1109,2014,6.0
1110,2014,6.61
1111,2014,6.88
1112,2014,6.31
1113,2014,6.31
1114,2014,6.35
1115,2014,6.14
1116,2014,6.9
1117,2014,7.18
1118,2014,5.95
1119,2014,6.58
1120,2014,5.8
1121,2014,6.38
1122,2014,6.94
1123,2014,6.32
1124,2014,6.26
1125,2014,6.9
1126,2014,7.06
1127,2014,8.94
1128,2014,6.3
1129,2014,6.8
1130,2014,6.43
1131,2014,7.17
1132,2014,7.7
1133,2014,7.44
1134,2014,7.7
1135,2014,8.99
1136,2014,9.0
1137,2014,6.09
1138,2014,9.11
1139,2014,6.14
1140,2014,6.14
1141,2014,6.85
1142,2014,6.67
1143,2014,6.16
1144,2014,6.63
1145,2014,6.57
1146,2014,7.6
1147,2014,6.32
1148,2014,6.91
1149,2014,6.79
1150,2014,6.53
1151,2014,6.14
1152,2014,8.99
1153,2014,7.36
1154,2014,5.76
1155,2014,6.41
1156,2014,6.93
1157,2014,6.3
1158,2014,6.69
1159,2014,6.62
1160,2014,8.03
1161,2014,7.02
1162,2014,7.52
1163,2014,7.76
1164,2014,7.7
1165,2014,7.84
1166,2014,8.17
1167,2014,8.94
1168,2014,5.95
1169,2014,8.91
1170,2014,6.25
1171,2014,6.285
1172,2014,6.301
1173,2014,6.569
1174,2014,7.273
1175,2014,7.956
1176,2014,6.253
1177,2014,6.261
1178,2014,8.652
1179,2014,7.849
1180,2014,7.741
1181,2014,6.083
1182,2014,9.389
1183,2014,6.014
1184,2014,8.892
1185,2014,6.735
1186,2014,6.957
1187,2014,7.606
1188,2014,7.753
1189,2014,9.213
1190,2014,7.758
1191,2014,8.15
1192,2014,9.424
1193,2014,8.796
1194,2014,9.044
1195,2014,10.786
1196,2014,11.804
1197,2014,9.601
1198,2014,6.423
1199,2014,6.41
1200,2014,6.4
1201,2014,6.59
1202,2014,7.73
1203,2014,6.93
1204,2014,6.35
1205,2014,6.27
1206,2014,6.42
1207,2014,6.88
1208,2014,7.91
1209,2014,7.31
1210,2014,8.89
1211,2014,6.32
1212,2014,9.24
1213,2014,6.4
1214,2015,6.21
1215,2015,6.69
1216,2015,7.12
1217,2015,7.58
1218,2015,6.21
1219,2015,6.32
1220,2015,5.61
1221,2015,7.13
1222,2015,6.76
1223,2015,6.64
1224,2015,6.83
1225,2015,6.24
1226,2015,7.2
1227,2015,6.69
1228,2015,6.48
1229,2015,7.82
1230,2015,8.13
1231,2015,6.33
1232,2015,8.73
1233,2015,7.75
1234,2015,8.63
1235,2015,8.3
1236,2015,9.61
1237,2015,6.19
1238,2015,8.41
1239,2015,6.37
1240,2015,6.35
1241,2015,6.67
1242,2015,6.38
1243,2015,7.0
1244,2015,7.49
1245,2015,5.89
1246,2015,6.13
1247,2015,6.23
1248,2015,7.25
1249,2015,6.64
1250,2015,7.53
1251,2015,7.11
1252,2015,6.24
1253,2015,7.29
1254,2015,6.87
1255,2015,6.9
1256,2015,7.5
1257,2015,8.36
1258,2015,6.76
1259,2015,8.13
1260,2015,8.25
1261,2015,10.72
1262,2015,9.35
1263,2015,6.2
1264,2015,6.73
1265,2015,6.13
1266,2015,6.44
1267,2015,7.34
1268,2015,6.68
1269,2015,6.48
1270,2015,7.27
1271,2015,5.83
1272,2015,6.61
1273,2015,6.66
1274,2015,6.55
1275,2015,7.04
1276,2015,7.47
1277,2015,7.9
1278,2015,8.04
1279,2015,8.43
1280,2015,8.65
1281,2015,8.76
1282,2015,10.21
1283,2015,6.37
1284,2015,8.11
1285,2015,6.21
1286,2015,11.67
1287,2015,6.68
1288,2015,6.3
1289,2015,7.21
1290,2015,9.97
1291,2015,6.57
1292,2015,5.94
1293,2015,6.99
1294,2015,7.73
1295,2015,6.53
1296,2015,6.17
1297,2015,11.99
1298,2015,6.34
1299,2015,6.27
1300,2015,5.82
1301,2015,6.36
1302,2015,6.46
1303,2015,6.61
1304,2015,8.33
1305,2015,6.42
1306,2015,6.62
1307,2015,7.11
1308,2015,6.93
1309,2015,16.18
1310,2015,8.7
1311,2015,6.63
1312,2015,6.37
1313,2015,8.0
1314,2015,6.21
1315,2015,7.33
1316,2015,9.61
1317,2015,12.46
1318,2015,9.71
1319,2015,7.15
1320,2015,8.84
1321,2015,7.21
1322,2015,7.91
1323,2015,18.15
1324,2015,6.17
1325,2015,8.71
1326,2015,6.67
1327,2015,10.33
1328,2015,6.06
1329,2015,6.59
1330,2015,6.2
1331,2015,10.65
1332,2015,6.3
1333,2015,8.08
1334,2015,5.71
1335,2015,6.99
1336,2015,7.2
1337,2015,7.08
1338,2015,6.99
1339,2015,6.11
1340,2015,6.26
1341,2015,8.62
1342,2015,7.73
1343,2015,7.38
1344,2015,8.52
1345,2015,6.37
1346,2015,9.0
1347,2015,6.88
1348,2016,6.07
1349,2016,7.94
1350,2016,6.83
1351,2016,6.32
1352,2016,6.81
1353,2016,7.34
1354,2016,6.8
1355,2016,6.91
1356,2016,6.21
1357,2016,6.0
1358,2016,7.16
1359,2016,6.47
1360,2016,6.34
1361,2016,6.9
1362,2016,7.78
1363,2016,7.53
1364,2016,6.63
1365,2016,6.95
1366,2016,8.2
1367,2016,6.0
1368,2016,9.33
1369,2016,6.61
1370,2016,7.33
1371,2016,8.61
1372,2016,7.39
1373,2016,9.92
1374,2016,6.85
1375,2016,10.91
1376,2016,8.99
1377,2016,8.66
1378,2016,7.73
1379,2016,7.82
1380,2016,6.57
1381,2016,11.36
1382,2016,5.98
1383,2016,7.86
1384,2016,6.39
1385,2016,6.42
1386,2016,6.1
1387,2016,6.69
1388,2016,6.09
1389,2016,6.05
1390,2016,6.31
1391,2016,6.41
1392,2016,7.82
1393,2016,6.72
1394,2016,7.45
1395,2016,6.9
1396,2016,6.54
1397,2016,7.64
1398,2016,6.1
1399,2016,6.27
1400,2016,7.18
1401,2016,8.3
1402,2016,6.89
1403,2016,6.71
1404,2016,10.33
1405,2016,18.15
1406,2016,18.74
1407,2016,8.64
1408,2016,8.94
1409,2016,7.73
1410,2016,8.34
1411,2016,6.81
1412,2016,6.07
1413,2016,6.5
1414,2016,10.18
1415,2016,6.71
1416,2016,6.72
1417,2016,7.12
1418,2016,7.2
1419,2016,6.87
1420,2016,5.96
1421,2016,9.43
1422,2016,9.03
1423,2016,6.17
1424,2016,6.78
1425,2016,7.34
1426,2016,6.07
1427,2016,6.7
1428,2016,6.51
1429,2016,6.73
1430,2016,8.49
1431,2016,7.87
1432,2016,6.48
1433,2016,6.09
1434,2016,6.53
1435,2016,7.23
1436,2016,7.87
1437,2016,8.57
1438,2016,6.84
1439,2016,6.75
1440,2016,7.87
1441,2016,7.99
1442,2016,8.14
1443,2016,7.48
1444,2016,6.12
1445,2016,6.2
1446,2016,6.47
1447,2016,6.48
1448,2016,6.17
1449,2016,6.7
1450,2016,6.84
1451,2016,6.02
1452,2016,9.23
1453,2016,8.21
1454,2016,6.25
1455,2016,6.68
1456,2016,6.42
1457,2016,6.15
1458,2016,7.01
1459,2016,6.36
1460,2016,6.58
1461,2016,7.05
1462,2016,6.47
1463,2016,6.66
1464,2016,5.94
1465,2016,6.25
1466,2016,7.23
1467,2016,7.08
1468,2016,6.48
1469,2016,6.55
1470,2016,7.4
1471,2016,7.66
1472,2016,8.85
1473,2016,7.32
1474,2016,6.14
1475,2016,6.46
1476,2016,6.41
1477,2016,6.09
1478,2016,6.99
1479,2016,7.18
1480,2016,11.34
1481,2016,9.55
1482,2016,5.91
1483,2016,6.72
1484,2016,6.49
1485,2016,6.57
1486,2016,6.29
1487,2016,6.77
1488,2016,6.6
1489,2016,7.86
1490,2016,6.84
1491,2016,8.4
1492,2016,6.51
1493,2016,7.17
1494,2016,6.64
1495,2016,6.44
1496,2016,7.28
1497,2016,7.59
1498,2016,7.6
1499,2016,7.61
1500,2016,7.64
1501,2016,7.66
1502,2016,8.08
1503,2016,8.52
1504,2016,9.65
1505,2016,9.97
1506,2016,7.55
1507,2016,8.14
1508,2016,6.24
1509,2016,6.74
1510,2016,6.38
1511,2016,6.87
1512,2016,6.4
1513,2016,7.11
1514,2016,11.84
1515,2016,6.1
1516,2016,6.8
1517,2016,6.43
1518,2016,7.58
1519,2016,6.88
1520,2016,6.6
1521,2016,6.82
1522,2016,7.2
1523,2016,7.34
1524,2016,6.76
1525,2016,5.86
1526,2016,7.41
1527,2016,7.02
1528,2016,8.06
1529,2016,6.15
1530,2016,12.09
1531,2016,7.45
1532,2016,8.66
1533,2016,6.08
1534,2016,6.64
1535,2016,6.44
1536,2016,6.77
1537,2016,6.41
1538,2016,7.03
1539,2016,12.53
1540,2016,6.28
1541,2016,6.82
1542,2016,6.79
1543,2016,6.44
1544,2016,6.62
1545,2016,7.03
1546,2016,6.73
1547,2016,6.39
1548,2016,6.73
1549,2016,7.02
1550,2016,7.23
1551,2016,6.66
1552,2016,10.96
1553,2016,5.97
1554,2016,8.09
1555,2016,9.9
1556,2016,7.81
1557,2016,11.97
1559,2016,7.93
1560,2016,6.2
1561,2016,9.65
1562,2017,7.75
1563,2017,6.37
1564,2017,7.76
1565,2017,6.24
1566,2017,6.25
1567,2017,8.62
1568,2017,7.23
1569,2017,10.02
1570,2017,6.04
1571,2017,7.0
1572,2017,6.17
1573,2017,6.38
1574,2017,7.06
1575,2017,6.17
1576,2017,6.55
1577,2017,6.62
1578,2017,6.82
1579,2017,6.57
1580,2017,7.93
1581,2017,8.5
1582,2017,10.08
1583,2017,6.08
1584,2017,6.69
1585,2017,7.99
1586,2017,11.26
1587,2017,6.66
1588,2017,6.4
1589,2017,11.43
1590,2017,6.91
1591,2017,7.34
1592,2017,8.22
1593,2017,8.3
1594,2017,8.15
1595,2017,10.39
1596,2017,9.14
1597,2017,6.38
1598,2017,8.45
1599,2017,10.47
1600,2017,11.56
1601,2017,11.96
1602,2017,7.11
1603,2017,10.4
1604,2017,7.72
1605,2017,5.94
1606,2017,7.62
1607,2017,6.01
1608,2017,6.01
1609,2017,8.64
1610,2017,5.85
1611,2017,11.47
1612,2017,5.95
1613,2017,5.88
1614,2017,5.81
1615,2017,6.53
1616,2017,6.04
1617,2017,6.38
1618,2017,6.04
1619,2017,6.81
1620,2017,6.56
1621,2017,6.78
1622,2017,8.56
1623,2017,7.07
1624,2017,9.23
1625,2017,5.61
1626,2017,6.24
1627,2017,6.68
1628,2017,8.8
1629,2017,10.68
1630,2017,6.36
1631,2017,6.43
1632,2017,9.83
1633,2017,6.88
1634,2017,7.34
1635,2017,8.54
1636,2017,8.2
1637,2017,9.37
1638,2017,7.46
1639,2017,6.02
1640,2017,8.74
1641,2017,10.0
1642,2017,10.69
1643,2017,7.18
1644,2017,8.56
1645,2017,6.08
1646,2017,6.35
1647,2017,6.99
1648,2017,8.8
1649,2017,6.46
1650,2017,6.5
1651,2017,6.52
1652,2017,6.03
1653,2017,11.02
1654,2017,7.3
1655,2017,6.26
1656,2017,6.42
1657,2017,10.35
1658,2017,5.72
1659,2017,6.11
1660,2017,6.58
1661,2017,6.68
1662,2017,6.0
1663,2017,6.11
1664,2017,6.12
1665,2017,8.63
1666,2017,9.93
1667,2017,5.78
1668,2017,7.51
1669,2017,7.99
1670,2017,9.56
1671,2017,8.21
1672,2017,9.85
1673,2017,6.91
1674,2017,7.2
1675,2017,8.03
1676,2017,7.19
1677,2017,6.48
1678,2017,6.84
1679,2017,7.27
1680,2017,8.59
1681,2017,8.6
1682,2017,8.87
1683,2017,9.52
1684,2017,6.01
1685,2017,6.13
1686,2017,9.68
1687,2017,6.51
1688,2017,7.01
1689,2017,9.32
1690,2017,8.6
1691,2017,6.28
1692,2017,6.03
1693,2017,6.21
1694,2017,7.17
1695,2017,6.57
1696,2017,6.13
1697,2017,6.06
1698,2017,6.21
1699,2017,6.02
1700,2017,7.01
1701,2017,8.25
1702,2017,5.81
1703,2017,7.54
1704,2017,9.16
1705,2017,9.19
1706,2017,5.96
1707,2017,7.79
1708,2017,7.64
1709,2017,7.92
1710,2017,10.41
1711,2017,6.3
1712,2017,7.11
1713,2017,7.54
1714,2017,8.48
1715,2017,9.39
1716,2017,7.61
1717,2017,7.41
1718,2017,6.73
1719,2017,6.53
1720,2017,8.24
1721,2017,7.53
1722,2017,7.6
1723,2017,8.33
1724,2017,8.71
1725,2017,6.17
1726,2017,10.4
1727,2017,14.37
1728,2017,8.11
1729,2017,13.11
1730,2017,7.38
1731,2017,6.06
1732,2017,6.4
1733,2017,7.04
1734,2017,8.68
1735,2017,8.2
1736,2017,6.41
1737,2017,6.07
1738,2017,6.77
1739,2017,6.36
1740,2017,6.33
1741,2017,7.61
1742,2017,5.91
1743,2017,7.26
1744,2017,6.53
1745,2017,9.03
1746,2017,9.58
1747,2017,9.58
1748,2017,7.45
1749,2017,9.9
1750,2017,9.08
1751,2017,9.14
1752,2017,9.3
1753,2017,11.0
1754,2017,12.16
1755,2017,12.19
1756,2017,12.24
1757,2017,16.59
1758,2017,7.48
1759,2017,6.16
1760,2017,6.27
1761,2017,6.72
1762,2017,8.85
1763,2017,7.75
1764,2017,6.66
1765,2017,6.12
1766,2017,8.54
1767,2017,6.37
1768,2017,6.02
1769,2017,6.52
1770,2017,7.85
1771,2017,11.09
1772,2017,6.2
1773,2017,6.63
1774,2017,6.32
1775,2017,7.03
1776,2017,6.16
1777,2017,6.26
1778,2017,6.69
1779,2017,6.34
1780,2017,8.91
1781,2017,7.71
1782,2017,10.25
1783,2017,6.27
1784,2017,7.57
1785,2017,7.96
1786,2017,6.34
1787,2017,6.48
1788,2017,12.03
1789,2017,7.19
1790,2017,6.18
1791,2017,6.5
1792,2017,6.48
1793,2017,7.04
1794,2017,6.42
1795,2017,7.28
1796,2017,6.13
1797,2017,6.24
1798,2017,6.53
1799,2017,9.56
1800,2017,7.21
1801,2017,6.3
1802,2017,6.52
1803,2017,6.19
1804,2017,5.98
1805,2017,6.26
1806,2017,6.07
1807,2017,6.57
1808,2017,5.96
1809,2017,6.4
1810,2017,5.95
1811,2017,6.42
1812,2017,6.72
1813,2017,6.43
1814,2017,8.95
1815,2017,5.58
1816,2017,6.05
1817,2017,7.49
1818,2017,6.3
1819,2017,6.39
1820,2017,6.41
1821,2017,10.51
1822,2017,6.38
1823,2017,6.07
1824,2017,7.01
1825,2017,6.61
1826,2017,6.18
1827,2018,7.62
1828,2018,8.55
1829,2018,6.03
1830,2018,6.28
1831,2018,9.73
1832,2018,8.17
1833,2018,6.71
1834,2018,6.47
1835,2018,6.67
1836,2018,8.5
1837,2018,5.97
1838,2018,5.92
1839,2018,6.26
1840,2018,8.85
1841,2018,5.98
1842,2018,6.48
1843,2018,6.21
1844,2018,6.02
1845,2018,7.43
1846,2018,6.08
1847,2018,6.29
1848,2018,7.07
1849,2018,7.01
1850,2018,9.25
1851,2018,6.34
1852,2018,5.86
1853,2018,7.9
1854,2018,6.2
1855,2018,7.96
1856,2018,10.98
1857,2018,10.34
1858,2018,9.32
1859,2018,9.69
1860,2018,8.86
1861,2018,9.47
1862,2018,6.3
1863,2018,6.84
1864,2018,9.49
1865,2018,10.76
1866,2018,8.66
1867,2018,9.58
1868,2018,6.02
1869,2018,6.23
1870,2018,6.16
1871,2018,6.32
1872,2018,7.98
1873,2018,9.11
1874,2018,6.03
1875,2018,6.47
1876,2018,6.55
1877,2018,7.4
1878,2018,6.49
1879,2018,6.53
1880,2018,6.62
1881,2018,6.68
1882,2018,6.82
1883,2018,7.14
1884,2018,13.06
1885,2018,8.85
1886,2018,8.8
1887,2018,7.63
1888,2018,9.28
1889,2018,8.39
1890,2018,8.2
1891,2018,6.83
1892,2018,6.88
1893,2018,6.96
1894,2018,8.76
1895,2018,7.87
1896,2018,9.36
1897,2018,5.9
1898,2018,10.22
1899,2018,6.0
1900,2018,6.5
1901,2018,6.06
1902,2018,9.06
1903,2018,8.89
1904,2018,6.45
1905,2018,6.39
1906,2018,7.83
1907,2018,10.76
1908,2018,6.05
1909,2018,5.97
1910,2018,6.42
1911,2018,7.37
1912,2018,8.35
1913,2018,8.08
1914,2018,9.85
1915,2018,8.35
1916,2018,5.91
1917,2018,7.29
1918,2018,6.55
1919,2018,6.08
1920,2018,6.38
1921,2018,6.38
1922,2018,6.19
1923,2018,6.39
1924,2018,6.54
1925,2018,7.2
1926,2018,5.71
1927,2018,6.81
1928,2018,7.8
1929,2018,6.38
1930,2018,7.97
1931,2018,7.35
1932,2018,10.43
1933,2018,8.73
1934,2018,8.44
1935,2018,10.82
1936,2018,6.34
1937,2018,6.39
1938,2018,8.54
1939,2018,10.64
1940,2018,10.02
1941,2018,6.2
1942,2018,6.31
1943,2018,6.35
1944,2018,8.54
1945,2018,8.08
1946,2018,6.68
1947,2018,6.66
1948,2018,6.58
1949,2018,8.01
1950,2018,10.84
1951,2018,9.43
1952,2018,9.18
1953,2018,11.55
1954,2018,12.95
1955,2018,9.67
1956,2018,8.75
1957,2018,7.06
1958,2018,8.03
1959,2018,5.82
1960,2018,9.45
1961,2018,8.27
1962,2018,9.09
1963,2018,6.06
1964,2018,6.52
1965,2018,5.89
1966,2018,6.33
1967,2018,6.41
1968,2018,7.81
1969,2018,7.89
1970,2018,7.22
1971,2018,7.54
1972,2018,5.99
1973,2018,5.69
1974,2018,6.37
1975,2018,7.72
1976,2018,8.01
1977,2018,7.83
1978,2018,13.43
1979,2018,5.89
1980,2018,6.49
1981,2018,6.43
1982,2018,6.41
1983,2018,6.2
1984,2018,6.28
1985,2018,7.56
1986,2018,6.67
1987,2018,6.22
1988,2018,6.58
1989,2018,6.84
1990,2018,7.69
1991,2018,6.23
1992,2018,7.5
1993,2018,8.69
1994,2018,7.51
1995,2018,8.4
1996,2018,6.24
1997,2018,8.28
1998,2018,9.13
1999,2018,9.17
2000,2018,9.89
2001,2018,6.14
2002,2018,6.39
2003,2018,6.19
2004,2018,9.09
2005,2018,5.94
2006,2018,6.07
2007,2018,6.15
2008,2018,8.53
2009,2018,8.12
2010,2018,6.31
2011,2018,6.97
2012,2018,6.82
2013,2018,10.34
2014,2018,10.04
2015,2018,7.03
2016,2018,8.18
2017,2018,10.25
2018,2018,7.8
2019,2018,7.48
2020,2018,12.51
2021,2018,19.83
2022,2018,7.17
2023,2018,7.6
2024,2018,7.01
2025,2018,5.8
2026,2018,9.05
2027,2018,10.22
2028,2018,9.01
2029,2018,9.2
2030,2018,6.22
2031,2018,12.22
2032,2018,6.45
2033,2018,6.06
2034,2018,8.89
2035,2018,6.67
2036,2018,6.36
2037,2018,8.749
2038,2018,11.08
2039,2018,6.43
2040,2018,6.649
2041,2018,6.4
2042,2018,8.53
2043,2018,6.07
2044,2018,7.22
2045,2018,6.41
2046,2018,7.4
2047,2018,6.64
2048,2018,6.29
2049,2018,6.369
2050,2018,8.87
2051,2018,9.45
2052,2018,6.1
2053,2018,7.51
2054,2018,12.06
2055,2018,6.18
2056,2018,7.25
2057,2018,8.45
2058,2018,9.73
2059,2018,9.06
2060,2018,7.58
2061,2018,9.76
2062,2018,7.5
2063,2018,6.33
2064,2018,6.85
2065,2018,9.99
2066,2018,6.63
2067,2018,9.7
2068,2018,8.74
2069,2018,6.94
2070,2018,8.56
2071,2018,6.55
2072,2018,6.79
2073,2018,7.09
2074,2018,7.35
2075,2018,11.35
2076,2018,8.84
2077,2018,13.18
2078,2018,13.56
2079,2018,10.43
2080,2018,9.8
2081,2018,8.66
2082,2018,6.93
2083,2018,10.59
2084,2018,11.16
2085,2018,8.39
2086,2018,8.79
2087,2018,11.05
2088,2018,7.83
2089,2018,5.7
2090,2018,8.05
2091,2018,8.03
2092,2018,10.43
2093,2018,8.98
2094,2018,7.37
2095,2018,8.22
2096,2018,6.05
2097,2018,7.28
2098,2018,10.91
2099,2018,6.33
2100,2018,6.0
2101,2018,7.28
2102,2018,6.31
2103,2018,6.12
2104,2018,7.82
2105,2018,8.55
2106,2018,8.03
2107,2018,6.05
2108,2018,6.2
2109,2018,6.27
2110,2018,6.97
2111,2018,9.62
2112,2018,6.07
2113,2018,6.35
2114,2018,6.86
2115,2018,5.91
2116,2018,6.11
2117,2018,8.04
2118,2018,8.78
2119,2018,5.74
2120,2018,6.72
2121,2018,6.56
2122,2018,7.21
2123,2018,10.5
2124,2018,6.07
2125,2018,6.15
2126,2018,6.77
2127,2018,7.66
2128,2018,7.66
2129,2018,7.12
2130,2018,6.4
2131,2018,7.6
2132,2018,8.36
2133,2018,9.8
2134,2018,6.35
2135,2018,7.94
2136,2018,7.02
2137,2018,7.09
2138,2018,7.23
2139,2018,8.74
2140,2018,10.95
2141,2018,8.66
2142,2018,6.48
2143,2018,7.15
2144,2018,10.37
2145,2018,7.51
2146,2018,6.57
2147,2018,6.65
2148,2018,6.46
2149,2018,6.68
2150,2018,6.93
2151,2018,7.37
2152,2018,8.53
2153,2018,10.62
2154,2018,8.05
2155,2018,8.5
2156,2018,9.65
2157,2018,7.43
2158,2018,12.4
2159,2018,10.68
2160,2018,6.95
2161,2018,7.89
2162,2018,5.8
2163,2018,10.52
2164,2018,7.99
2165,2018,9.48
2166,2018,7.97
2167,2018,9.23
2168,2018,14.95
2169,2018,6.16
2170,2018,10.08
2171,2018,8.14
2172,2018,7.43
2173,2018,6.3
2174,2018,10.01
2175,2018,6.28
2176,2018,6.1
2177,2018,8.67
2178,2018,6.48
2179,2018,9.16
2180,2018,6.29
2181,2018,5.8
2182,2018,6.21
2183,2018,6.46
2184,2018,7.74
2185,2018,6.33
2186,2018,6.2
2187,2018,6.31
2188,2018,6.99
2189,2018,6.33
2190,2018,8.78
2191,2018,8.49
2192,2018,5.85
2193,2018,7.32
2194,2018,6.05
2195,2018,6.64
2196,2018,7.05
2197,2018,6.3
2198,2018,6.68
2199,2018,9.39
2200,2018,6.08
2201,2018,6.72
2202,2018,7.07
2203,2018,7.33
2204,2018,6.87
2205,2018,7.28
2206,2018,8.1
2207,2018,6.66
2208,2018,9.73
2209,2018,11.13
2210,2018,8.45
2211,2018,6.41
2212,2018,7.63
2213,2018,6.4
2214,2018,6.32
2215,2018,6.39
2216,2018,6.85
2217,2018,7.13
2218,2018,6.8
2219,2018,6.9
2220,2018,8.88
2221,2018,7.95
2222,2018,10.83
2223,2018,7.66
2224,2018,9.59
2225,2018,7.32
2226,2018,12.0
2227,2018,12.7
2228,2018,10.28
2229,2018,9.08
2230,2018,9.42
2231,2018,13.81
2232,2018,8.61
2233,2018,10.1
2234,2018,10.78
2235,2018,13.85
2236,2018,9.54
2237,2018,8.27
2238,2018,8.41
2239,2018,7.31
2240,2018,12.01
2241,2018,5.923
2242,2018,7.63
2243,2018,6.55
2244,2018,6.11
2245,2018,9.47
2246,2018,6.278
2247,2018,9.1
2248,2018,6.54
2249,2018,5.929
2250,2018,5.922
2251,2018,6.39
2252,2018,7.14
2253,2018,5.91
2254,2018,6.15
2255,2018,6.25
2256,2018,6.41
2257,2018,6.2
2258,2018,6.78
2259,2018,6.013
2260,2018,6.68
2261,2018,11.04
2262,2018,6.279
2263,2018,8.4
2264,2018,6.37
2265,2018,8.02
2266,2018,8.61
2267,2018,8.44
2268,2018,6.28
2269,2018,6.44
2270,2018,6.38
2271,2018,6.21
2272,2018,6.1
2273,2018,6.014
2274,2018,6.77
2275,2018,8.12
2276,2018,9.19
2277,2018,5.7
2278,2018,7.67
2279,2018,5.88
2280,2018,9.11
2281,2018,6.13
2282,2018,6.53
2283,2018,5.77
2284,2018,5.72
2285,2018,6.2
2286,2018,6.14
2287,2018,6.98
2288,2018,5.9
2289,2018,6.14
2290,2018,6.19
2291,2018,6.08
2292,2018,5.92
2293,2018,8.71
2294,2018,10.69
2295,2018,5.76
2296,2018,6.71
2297,2018,6.09
2298,2018,8.21
2299,2018,6.28
2300,2018,6.05
2301,2018,6.22
2302,2018,7.36
2303,2018,5.98
2304,2018,6.54
2305,2018,7.46
2306,2018,8.84
2307,2018,5.85
2308,2019,5.699
2309,2019,7.211
2310,2019,10.556
2311,2019,7.329
2312,2019,7.016
2313,2019,7.711
2314,2019,6.163
2315,2019,9.685
2316,2019,11.997
2317,2019,7.502
2318,2019,8.325
2319,2019,9.627
2320,2019,8.532
2321,2019,9.694
2322,2019,6.898
2323,2019,8.564
2324,2019,6.23
2325,2019,8.663
2326,2019,11.015
2327,2019,6.236
2328,2019,7.247
2329,2019,5.913
2330,2019,5.838
2331,2019,6.222
2332,2019,10.134
2333,2019,8.547
2334,2019,7.87
2335,2019,7.168
2336,2019,6.096
2337,2019,6.679
2338,2019,5.874
2339,2019,6.162
2340,2019,6.157
2341,2019,6.362
2342,2019,8.145
2343,2019,7.761
2344,2019,5.826
2345,2019,6.344
2346,2019,6.878
2347,2019,9.53
2348,2019,6.207
2349,2019,6.083
2350,2019,7.014
2351,2019,7.597
2352,2019,7.725
2353,2019,6.9
2354,2019,7.395
2355,2019,8.112
2356,2019,6.996
2357,2019,9.131
2358,2019,9.684
2359,2019,7.353
2360,2019,8.154
2361,2019,6.246
2362,2019,6.707
2363,2019,7.929
2364,2019,7.153
2365,2019,8.787
2366,2019,7.689
2367,2019,7.736
2368,2019,6.544
2369,2019,7.733
2370,2019,6.418
2371,2019,6.831
2372,2019,6.138
2373,2019,5.809
2374,2019,6.288
2375,2019,6.27
2376,2019,7.319
2377,2019,6.284
2378,2019,12.711
2379,2019,8.108
2380,2019,8.6
2381,2019,5.731
2382,2019,6.242
2383,2019,8.369
2384,2019,7.276
2385,2019,6.903
2386,2019,7.17
2387,2019,7.952
2388,2019,7.992
2389,2019,7.684
2390,2019,8.453
2391,2019,9.643
2392,2019,8.412
2393,2019,7.076
2394,2019,7.967
2395,2019,8.623
2396,2019,9.416
2397,2019,7.41
2398,2019,8.536
2399,2019,5.677
2400,2019,7.167
2401,2019,6.763
2402,2019,8.074
2403,2019,6.357
2404,2019,7.372
2405,2019,10.45
2406,2019,8.023
2407,2019,8.356
2408,2019,6.419
2409,2019,8.613
2410,2019,8.258
2411,2019,9.001
2412,2019,9.132
2413,2019,6.317
2414,2019,6.62
2415,2019,7.098
2416,2019,5.827
2417,2019,5.876
2418,2019,6.342
2419,2019,6.995
2420,2019,7.467
2421,2019,7.096
2422,2019,8.615
2423,2019,6.323
2424,2019,6.133
2425,2019,6.279
2426,2019,5.914
2427,2019,9.928
2428,2019,10.324
2429,2019,7.692
2430,2019,6.115
2431,2019,9.814
2432,2019,7.165
2433,2019,9.865
2434,2019,6.085
2435,2019,7.581
2436,2019,7.079
2437,2019,6.678
2438,2019,6.832
2439,2019,7.278
2440,2019,6.942
2441,2019,8.261
2442,2019,6.926
2443,2019,7.123
2444,2019,7.843
2445,2019,9.143
2446,2019,7.492
2447,2019,6.206
2448,2019,7.823
2449,2019,6.128
2450,2019,8.422
2451,2019,7.597
2452,2019,7.744
2453,2019,6.453
2454,2019,6.02
2455,2019,7.56
2456,2019,6.263
2457,2019,9.418
2458,2019,7.392
2459,2019,6.555
2460,2019,6.212
2461,2019,5.842
2462,2019,6.842
2463,2019,6.641
2464,2019,8.267
2465,2019,9.574
2466,2019,9.635
2467,2019,9.315
2468,2019,11.954
2469,2019,12.393
2470,2019,8.333
2471,2019,8.971
2472,2019,6.978
2473,2019,5.618
2474,2019,7.111
2475,2019,8.211
2476,2019,7.634
2477,2019,7.638
2478,2019,8.83
2479,2019,12.664
2480,2019,6.615
2481,2019,6.631
2482,2019,9.688
2483,2019,5.769
2484,2019,7.115
2485,2019,6.812
2486,2019,7.517
2487,2019,10.233
2488,2019,8.274
2489,2019,8.155
2490,2019,6.227
2491,2019,8.732
2492,2019,7.981
2493,2019,6.179
2494,2019,6.644
2495,2019,7.135
2496,2019,5.683
2497,2019,5.598
2498,2019,6.059
2499,2019,7.798
2500,2019,8.624
2501,2019,7.466
2502,2019,6.728
2503,2019,8.378
2504,2019,6.523
2505,2019,5.932
2506,2019,6.182
2507,2019,6.028
2508,2019,6.054
2509,2019,5.812
2510,2019,8.389
2511,2019,9.291
2512,2019,7.59
2513,2019,5.657
2514,2019,11.173
2515,2019,6.572
2516,2019,7.324
2517,2019,8.049
2518,2019,6.138
2519,2019,7.533
2520,2019,7.095
2521,2019,6.752
2522,2019,6.225
2523,2019,7.151
2524,2019,6.882
2525,2019,8.035
2526,2019,7.094
2527,2019,7.232
2528,2019,6.979
2529,2019,9.394
2530,2019,6.053
2531,2019,5.964
2532,2019,7.789
2533,2019,6.296
2534,2019,8.54
2535,2019,7.363
2536,2019,7.634
2537,2019,7.794
2538,2019,6.251
2539,2019,9.892
2540,2019,7.817
2541,2019,7.719
2542,2019,8.662
2543,2019,8.27
2544,2019,9.126
2545,2019,8.29
2546,2019,6.668
2547,2019,6.112
2548,2019,5.82
2549,2019,6.319
2550,2019,6.627
2551,2019,8.19
2552,2019,9.526
2553,2019,9.137
2554,2019,10.137
2555,2019,11.383
2556,2019,7.005
2557,2019,6.612
2558,2019,7.162
2559,2019,8.178
2560,2019,8.182
2561,2019,7.266
2562,2019,9.289
2563,2019,11.865
2564,2019,6.893
2565,2019,5.686
2566,2019,7.268
2567,2019,7.149
2568,2019,6.671
2569,2019,7.804
2570,2019,6.199
2571,2019,8.329
2572,2019,8.843
2573,2019,7.479
2574,2019,7.849
2575,2019,10.149
2576,2019,5.964
2577,2019,6.503
2578,2019,8.197
2579,2019,8.789
2580,2019,6.17
2581,2019,6.497
2582,2019,8.173
2583,2019,5.716
2584,2019,6.04
2585,2019,6.562
2586,2019,7.282
2587,2019,6.987
2588,2019,5.63
2589,2019,5.956
2590,2019,6.142
2591,2019,8.778
2592,2019,6.252
2593,2019,5.923
2594,2019,7.713
2595,2019,7.114
2596,2019,6.149
2597,2019,6.099
2598,2019,9.691
2599,2019,8.455
2600,2019,7.072
2601,2019,6.388
2602,2019,8.54
2603,2019,7.136
2604,2019,7.463
2605,2019,9.238
2606,2019,7.204
2607,2019,6.753
2608,2019,12.071
2609,2019,6.245
2610,2019,6.721
2611,2019,7.864
2612,2019,10.594
2613,2019,9.795
2614,2019,5.755
2615,2019,8.324
2616,2019,8.346
2617,2019,8.357
2618,2019,6.43
2619,2019,6.65
2620,2019,5.803
2621,2019,5.909
2622,2019,6.391
2623,2019,8.062
2624,2019,8.285
2625,2019,8.834
2626,2019,7.464
2627,2019,6.564
2628,2019,7.788
2629,2019,8.038
2630,2019,7.377
2631,2019,5.799
2632,2019,5.871
2633,2019,6.28
2634,2019,6.492
2635,2019,8.858
2636,2019,8.095
2637,2019,6.798
2638,2019,5.873
2639,2019,7.694
2640,2019,8.519
2641,2019,8.115
2642,2019,10.078
2643,2019,10.722
2644,2019,7.753
2645,2019,10.539
2646,2019,5.793
2647,2019,7.786
2648,2019,7.929
2649,2019,6.986
2650,2019,7.352
2651,2019,6.185
2652,2019,8.006
2653,2019,9.669
2654,2019,8.901
2655,2019,7.407
2656,2019,9.523
2657,2019,5.862
2658,2019,6.521
2659,2019,8.774
2660,2019,8.078
2661,2019,6.035
2662,2019,6.741
2663,2019,7.403
2664,2019,5.78
2665,2019,5.998
2666,2019,6.22
2667,2019,6.514
2668,2019,10.132
2669,2019,7.372
2670,2019,5.918
2671,2019,8.233
2672,2019,6.055
2673,2019,6.725
2674,2019,8.443
2675,2019,6.174
2676,2019,6.428
2677,2019,6.373
2678,2019,7.31
2679,2019,7.002
2680,2019,5.975
2681,2019,6.945
2682,2019,7.615
2683,2019,7.254
2684,2019,6.921
2685,2019,6.097
2686,2019,6.998
2687,2019,7.096
2688,2019,7.036
2689,2019,12.067
2690,2019,6.156
2691,2019,6.864
2692,2019,11.992
2693,2019,6.86
2694,2019,8.968
2695,2019,6.375
2696,2019,10.593
2697,2019,7.443
2698,2019,6.202
2699,2019,6.848
2700,2019,6.488
2701,2019,6.636
2702,2019,5.98
2703,2019,6.274
2704,2019,10.019
2705,2019,6.698
2706,2019,7.545
2707,2019,8.539
2708,2019,7.885
2709,2019,6.534
2710,2019,7.525
2711,2019,8.774
2712,2019,8.123
2713,2019,7.09
2714,2019,5.829
2715,2019,6.57
2716,2019,6.064
2717,2019,6.649
2718,2019,6.345
2719,2019,8.447
2720,2019,7.638
2721,2019,9.388
2722,2019,9.288
2723,2019,8.567
2724,2019,10.293
2725,2019,10.622
2726,2019,5.708
2727,2019,10.338
2728,2019,9.32
2729,2019,8.227
2730,2019,9.181
2731,2019,9.047
2732,2019,10.274
2733,2019,8.769
2734,2019,7.377
2735,2019,7.647
2736,2019,12.078
2737,2019,6.951
2738,2019,7.721
2739,2019,9.982
2740,2019,5.95
2741,2019,8.755
2742,2019,6.139
2743,2019,8.435
2744,2019,9.514
2745,2019,7.59
2746,2019,8.137
2747,2019,7.39
2748,2019,6.231
2749,2019,6.582
2750,2019,7.545
2751,2019,5.648
2752,2019,6.273
2753,2019,6.215
2754,2019,6.952
2755,2019,7.147
2756,2019,9.009
2757,2019,6.807
2758,2019,7.176
2759,2019,5.762
2760,2019,6.449
2761,2019,5.832
2762,2019,5.967
2763,2019,6.105
2764,2019,6.06
2765,2019,5.668
2766,2019,9.153
2767,2019,5.658
2768,2019,5.887
2769,2019,5.999
2770,2019,6.084
2771,2019,6.829
2772,2019,8.086
2773,2019,6.826
2774,2019,8.616
2775,2019,6.175
2776,2019,6.165
2777,2019,7.753
2778,2019,9.74
2779,2019,5.953
2780,2019,9.1
2781,2019,6.767
2782,2019,6.296
2783,2019,6.873
2784,2019,5.872
2785,2019,5.968
2786,2019,6.057
2787,2019,9.679
2788,2019,8.547
2789,2019,6.041
2790,2019,5.988
2791,2019,6.264
2792,2019,6.101
2793,2019,6.252
2794,2019,8.094
2795,2019,7.054
2796,2019,5.49
2797,2019,10.29
2798,2019,7.444
2799,2019,8.411
2800,2022,6.73
2801,2022,5.58
2802,2022,6.27
2803,2022,5.78
2804,2022,6.22
2805,2022,5.62
2806,2022,9.27
2807,2022,6.81
2808,2022,5.94
2809,2022,5.59
2810,2022,5.67
2811,2022,6.06
2812,2022,6.299
2813,2022,8.33
2814,2022,5.6
2815,2022,6.76
2816,2022,6.068
2817,2022,6.08
2818,2022,5.84
2819,2022,6.15
2820,2022,5.5
2821,2022,6.64
2822,2022,5.73
2823,2022,6.26
2824,2022,8.41
2825,2022,5.49
2826,2022,5.69
2827,2022,6.07
2828,2022,5.56
2829,2022,8.16
2830,2022,6.298
2831,2022,6.32
2832,2022,6.75
2833,2022,7.82
2834,2022,6.23
2835,2022,6.5
2836,2022,5.17
2837,2022,6.89
2838,2022,9.22
2839,2022,6.45
2840,2022,5.79
2841,2022,5.887
2842,2022,5.8
2843,2022,5.7
2844,2022,5.49
2845,2022,8.17
2846,2022,5.85
2847,2022,6.01
2848,2022,6.33
2849,2022,6.388
2850,2022,5.48
2851,2022,5.76
2852,2022,5.93
2853,2022,5.97
2854,2022,6.17
2855,2022,6.3
2856,2022,6.36
2857,2022,5.41
2858,2022,5.94
2859,2022,6.12
2860,2022,5.889
2861,2022,6.387
2862,2022,5.78
2863,2022,6.53
2864,2022,6.72
2865,2022,6.9
2866,2022,7.12
2867,2022,7.84
2868,2022,8.55
2869,2022,8.78
2870,2022,9.34
2871,2022,5.74
2872,2022,6.15
2873,2022,6.79
2874,2022,5.42
2875,2022,6.067
2876,2022,6.39
2877,2022,6.063
2878,2022,6.82
2879,2022,6.09
2880,2022,5.78
2881,2022,5.79
2882,2022,5.7
2883,2022,6.81
2884,2022,7.43
2885,2022,8.21
2886,2022,6.43
2887,2022,6.85
2888,2022,5.67
2889,2022,5.2
2890,2022,6.16
2891,2022,5.769
2892,2022,5.762
2893,2022,5.89
2894,2022,6.03
2895,2022,5.687
2896,2022,5.92
2897,2022,6.1
2898,2022,6.15
2899,2022,5.685
2900,2022,6.71
2901,2022,6.3
2902,2022,7.79
2903,2022,6.59
2904,2022,6.47
2905,2022,6.12
2906,2022,10.11
2907,2022,6.129
2908,2022,5.1
2909,2022,5.92
2910,2022,6.36
2911,2022,5.83
2912,2022,7.3
2913,2022,6.72
2914,2022,6.467
2915,2022,5.732
2916,2022,5.74
2917,2022,5.68
2918,2022,9.89
2919,2022,15.4
2920,2022,8.01
2921,2022,5.71
2922,2022,5.87
2923,2022,8.78
2924,2022,5.76
2925,2022,6.32
2926,2022,8.07
2928,2022,5.57
2929,2022,7.43
2930,2022,5.89
2931,2022,6.0
2932,2022,5.739
2933,2022,6.461
2934,2022,6.13
2935,2022,5.28
2936,2022,5.827
2937,2022,6.33
2938,2022,5.826
2939,2022,5.737
2940,2022,5.67
2941,2022,6.3
2942,2022,6.54
2943,2022,5.58
2944,2022,6.25
2945,2022,7.97
2946,2022,6.28
2947,2022,5.9
2948,2022,6.5
2949,2022,6.125
2950,2022,5.904
2951,2022,7.3
2952,2022,5.983
2953,2022,5.04
2954,2022,5.92
2955,2022,5.704
2956,2022,6.22
2957,2022,5.88
2958,2022,6.2
2959,2022,5.54
2960,2022,6.35
2961,2022,5.49
2962,2022,5.798
2963,2022,5.453
2964,2022,5.43
2965,2022,5.59
2966,2022,5.33
2967,2022,5.705
2968,2022,5.73
2969,2022,5.986
2970,2022,5.74
2971,2022,5.96
2972,2022,6.68
2973,2022,10.94
2974,2022,7.29
2975,2022,6.558
2976,2022,12.17
2977,2022,5.35
2978,2022,6.555
2979,2022,5.995
2980,2022,6.09
2981,2022,5.78
2982,2022,6.61
2983,2022,7.88
2984,2022,5.791
2985,2022,5.87
2986,2022,5.22
2987,2022,5.32
2988,2022,5.36
2989,2022,5.84
2990,2022,6.13
2991,2022,6.58
2992,2022,7.5
2993,2022,7.93
2994,2022,5.45
2995,2022,5.85
2996,2022,5.902
2997,2022,5.58
2998,2022,5.61
2999,2022,6.46
3000,2022,6.0
3001,2022,5.37
3002,2022,5.83
3003,2022,6.39
3004,2022,5.83
3005,2022,6.33
3006,2022,5.21
3007,2022,5.5
3008,2022,6.75
3009,2022,6.34
3010,2022,5.63
3011,2022,5.909
3012,2022,5.57
3013,2022,6.27
3014,2022,5.991
3015,2022,6.28
3016,2022,6.18
3017,2022,6.12
3018,2022,7.24
3019,2022,5.727
3020,2022,5.0
3021,2022,7.5
3022,2022,6.555
3023,2022,6.01
3024,2022,5.8
3025,2022,6.29
3026,2022,6.5
3027,2022,6.188
3028,2022,5.583
3029,2022,5.611
3030,2022,5.494
3031,2022,5.28
3032,2022,6.9
3033,2022,5.619
3034,2022,5.71
3035,2022,5.64
3036,2022,5.89
3037,2022,6.144
3038,2022,5.5
3039,2022,5.928
3040,2022,6.47
3041,2022,5.31
3042,2022,6.42
3043,2022,6.063
3044,2022,6.41
3045,2022,6.32
3046,2022,6.17
3047,2022,7.21
3048,2022,5.57
3049,2022,7.44
3050,2022,5.69
3051,2022,5.22
3052,2022,5.21
3053,2022,6.009
3054,2022,6.556
3055,2022,6.0
3056,2022,5.72
3057,2022,6.1
3058,2022,7.28
3059,2022,5.585
3060,2022,6.62
3061,2022,5.96
3062,2022,5.34
3063,2022,5.924
3064,2022,5.81
3065,2022,8.01
3066,2022,6.149
3067,2022,5.16
3068,2022,5.492
3069,2022,5.15
3070,2022,6.16
3071,2022,5.66
3072,2022,5.91
3073,2022,5.45
3074,2022,6.181
3075,2022,6.059
3076,2022,6.066
3077,2022,6.055
3078,2022,5.436
3079,2022,5.625
3080,2022,6.41
3081,2022,6.5
3082,2022,5.73
3083,2022,5.6
3084,2022,5.88
3085,2022,5.65
3086,2022,5.24
3087,2022,6.57
3088,2022,5.74
3089,2022,5.8
3090,2022,5.63
3091,2022,6.94
3092,2022,6.5
3093,2022,5.58
3094,2022,7.96
3095,2022,5.3
3096,2022,5.629
3097,2022,5.2
3098,2022,5.506
3099,2022,5.4
3100,2022,5.46
3101,2022,6.69
3102,2022,5.06
3103,2022,5.67
3104,2022,5.87
3105,2022,10.55
3106,2022,6.62
3107,2022,5.35
3108,2022,5.508
3109,2022,5.504
3110,2022,6.23
3111,2022,5.434
3112,2022,6.97
3113,2022,7.92
3114,2022,5.72
3115,2022,5.44
3116,2022,6.09
3117,2022,6.27
3118,2022,6.45
3119,2022,6.46
3120,2022,6.78
3121,2022,6.93
3122,2022,5.96
3123,2022,6.3
3124,2023,5.63
3125,2023,5.43
3126,2023,5.9
3127,2023,5.574
3128,2023,5.17
3129,2023,6.07
3130,2023,6.14
3131,2023,6.15
3132,2023,6.31
3133,2023,6.43
3134,2023,6.56
3135,2023,7.48
3136,2023,7.49
3137,2023,7.95
3138,2023,8.02
3139,2023,5.71
3140,2023,5.45
3141,2023,5.88
3142,2023,6.6
3143,2023,7.17
3144,2023,6.15
3145,2023,5.57
3146,2023,5.98
3147,2023,8.44
3148,2023,6.46
3149,2023,5.31
3150,2023,6.79
3151,2023,5.22
3152,2023,5.61
3153,2023,5.59
3154,2023,5.85
3155,2023,5.38
3156,2023,6.67
3157,2023,5.28
3158,2023,5.743
3159,2023,10.6
3160,2023,7.32
3161,2023,5.7
3162,2023,5.748
3163,2023,5.13
3164,2023,5.231
3165,2023,5.4
3166,2023,5.23
3167,2023,5.96
3168,2023,5.64
3169,2023,5.48
3170,2023,5.239
3171,2023,5.6
3172,2023,5.93
3173,2023,5.02
3174,2023,5.54
3175,2023,6.21
3176,2023,6.11
3177,2023,4.98
3178,2023,5.35
3179,2023,5.39
3180,2023,5.79
3181,2023,6.86
3182,2023,5.458
3183,2023,7.06
3184,2023,5.131
3185,2023,5.66
3186,2023,5.53
3187,2023,6.27
3188,2023,5.62
3189,2023,6.316
3190,2023,6.23
3191,2023,5.43
3192,2023,6.35
3193,2023,6.53
3194,2023,5.28
3195,2023,5.9
3196,2023,6.73
3197,2023,6.51
3198,2023,5.03
3199,2023,5.22
3200,2023,5.564
3201,2023,8.63
3202,2023,6.25
3203,2023,5.596
3204,2023,6.0
3205,2023,5.598
3206,2023,5.87
3207,2023,5.55
3208,2023,5.33
3209,2023,5.429
3210,2023,5.63
3211,2023,5.53
3212,2023,5.49
3213,2023,5.83
3214,2023,6.16
3215,2023,6.3
3216,2023,5.5
3217,2023,5.76
3218,2023,7.08
3219,2023,5.747
3220,2023,5.749
3221,2023,5.62
3222,2023,5.21
3223,2023,5.248
3224,2023,5.271
3225,2023,5.88
3226,2023,5.73
3227,2023,5.37
3228,2023,5.95
3229,2023,5.68
3230,2023,5.14
3231,2023,5.688
3232,2023,5.58
3233,2023,5.18
3234,2023,5.13
3235,2023,5.82
3236,2023,5.99
3237,2023,5.09
3238,2023,5.767
3239,2023,5.35
3240,2023,5.54
3241,2023,5.84
3242,2023,5.29
3243,2023,5.52
3244,2023,5.421
3245,2023,5.16
3246,2023,5.278
3247,2023,6.01
3248,2023,5.243
3249,2023,5.56
3250,2023,6.22
3251,2023,5.39
3252,2023,5.51
3253,2023,5.98
3254,2023,6.02
3255,2023,6.18
3256,2023,6.93
3257,2023,7.03
3258,2023,7.44
3259,2023,7.45
3260,2023,10.27
3261,2023,7.93
3262,2023,5.36
3263,2023,6.41
3264,2023,5.676
3265,2023,5.461
3266,2023,5.21
3267,2023,6.011
3268,2023,6.2
3269,2023,6.48
3270,2023,6.62
3271,2023,5.677
3272,2023,6.14
3273,2023,5.58
3274,2023,5.76
3275,2023,5.463
3276,2023,5.464
3277,2023,5.33
3278,2023,5.78
3279,2023,5.56
3280,2023,8.01
3281,2023,5.5
3282,2023,6.83
3283,2023,5.48
3284,2023,5.61
3285,2023,5.79
3286,2023,5.62
3287,2023,5.59
3288,2023,5.26
3289,2023,5.38
3290,2023,5.42
3291,2023,5.357
3292,2023,6.084
3293,2023,5.99
3294,2023,7.1
3295,2023,5.82
3296,2023,5.14
3297,2023,5.57
3298,2023,5.57
3299,2023,5.15
3300,2023,5.49
3301,2023,6.22
3302,2023,5.08
3303,2023,5.47
3304,2023,5.83
3305,2023,5.65
3306,2023,5.98
3307,2023,6.08
3308,2023,5.61
3309,2023,5.353
3310,2023,6.28
3311,2023,5.81
3312,2023,5.902
3313,2023,6.95
3314,2023,6.27
3315,2023,6.012
3316,2023,5.905
3317,2023,6.3
3318,2023,7.39
3319,2023,7.53
3320,2023,7.78
3321,2023,7.79
3322,2023,6.666
3323,2023,5.435
3324,2023,8.25
3325,2023,5.558
3326,2023,5.29
3327,2023,6.79
3328,2023,5.83
3329,2023,10.84
3330,2023,5.48
3331,2023,5.28
3332,2023,5.65
3333,2023,5.8
3334,2023,5.522
3335,2023,10.09
3336,2023,6.26
3337,2023,8.08
3338,2023,5.49
3339,2023,7.0
3340,2023,5.37
3341,2023,5.42
3342,2023,5.422
3343,2023,5.383
3344,2023,5.23
3345,2023,5.08
3346,2023,5.53
3347,2023,5.34
3348,2023,5.31
3349,2023,6.24
3350,2023,6.425
3351,2023,5.25
3352,2023,6.665
3353,2023,5.57
3354,2023,6.01
3355,2023,7.06
3356,2023,5.63
3357,2023,5.88
3358,2023,5.22
3359,2023,5.17
3360,2023,5.25
3361,2023,5.245
3362,2023,6.41
3363,2023,5.843
3364,2023,6.02
3365,2023,5.26
3366,2023,5.528
3367,2023,6.129
3368,2023,5.2
3369,2023,5.298
3370,2023,4.97
3371,2023,5.555
3372,2023,5.47
3373,2023,5.51
3374,2023,5.94
3375,2023,5.848
3376,2023,5.15
3377,2023,5.3
3378,2023,5.242
3379,2023,5.388
3380,2023,5.554
3381,2023,5.439
3382,2023,5.71
3383,2023,6.16
3384,2023,6.39
3385,2023,6.31
3386,2023,6.427
3387,2023,5.56
3388,2023,5.78
3389,2023,5.96
3390,2023,6.0
3391,2023,6.126
3392,2023,6.48
3393,2023,6.74
3394,2023,7.43
3395,2023,7.05
3396,2023,5.362
3397,2023,5.99
3398,2023,5.4
3399,2023,5.72
3400,2023,5.8
3401,2023,7.38
3402,2023,6.06
3403,2023,5.27
3404,2023,5.485
3405,2023,5.87
3406,2023,5.487
3407,2023,7.79
3408,2023,6.87
3409,2023,6.21
3410,2023,5.18
3411,2023,5.24
3412,2023,5.19
3413,2023,5.33
3414,2023,5.05
3415,2023,5.5
3416,2023,5.344
3417,2023,8.99
3418,2023,5.86
3419,2023,6.28
3420,2023,5.232
3421,2023,6.83
3422,2023,5.366
3423,2023,5.59
3424,2023,8.52
3425,2023,5.06
3426,2023,5.23
3427,2023,5.26
3428,2023,5.14
3429,2023,5.744
3430,2023,6.39
3431,2023,5.96
3432,2023,5.62
3433,2023,5.17
3434,2023,5.56
3435,2023,5.04
3436,2023,5.03
3437,2023,5.45
3438,2023,4.98
3439,2023,5.181
3440,2023,5.43
3441,2023,6.75
3442,2023,5.748
3443,2023,5.75
3444,2023,5.52
3445,2023,5.28
3446,2023,5.235
3447,2023,6.49
3448,2023,5.34
3449,2023,5.361
3450,2023,5.94
3451,2023,6.13
3452,2023,6.03
3453,2023,6.33
3454,2023,6.2
3455,2023,5.67
3456,2023,5.9
3457,2023,5.97
3458,2023,5.84
3459,2023,6.13
3460,2023,6.16
3461,2023,7.02
3462,2023,5.28
3463,2023,5.454
3464,2023,5.256
3465,2023,5.89
3466,2023,5.471
3467,2023,5.51
3468,2023,5.76
3469,2023,5.456
3470,2023,5.522
3471,2023,5.36
3472,2023,5.22
3473,2023,5.52
3474,2023,5.3
3475,2023,5.72
3476,2023,5.351
3477,2023,5.476
3478,2023,5.27
3479,2023,5.553
3480,2023,5.521
3481,2023,5.74
3482,2023,6.43
3483,2023,6.11
3484,2023,6.12
3485,2023,5.11
3486,2023,5.557
3487,2023,5.23
3488,2023,5.24
3489,2023,5.37
3490,2023,5.31
3491,2023,9.17
3492,2023,6.57
3493,2023,5.453
3494,2023,7.17
3495,2023,5.02
3496,2023,5.258
3497,2023,8.22
3498,2023,6.8
3499,2023,5.84
3500,2023,5.355
3501,2023,5.92
3502,2023,7.08
3503,2023,5.64
3504,2023,6.19
3505,2023,5.97
3506,2023,5.17
3507,2023,5.07
3508,2023,5.31
3509,2023,5.4
3510,2023,7.36
3511,2023,9.24
3512,2024,5.22
3513,2024,5.15
3514,2024,6.94
3515,2024,5.74
3516,2024,5.79
3517,2024,5.086
3518,2024,5.387
3519,2024,5.87
3520,2024,5.63
3521,2024,5.28
3522,2024,5.57
3523,2024,5.23
3524,2024,5.315
3525,2024,5.385
3526,2024,5.16
3527,2024,5.18
3528,2024,5.32
3529,2024,5.6
3530,2024,5.46
3531,2024,7.12
3532,2024,5.49
3533,2024,5.2
3534,2024,5.33
3535,2024,6.3
3536,2024,5.732
3537,2024,5.4
3538,2024,5.17
3539,2024,4.9
3540,2024,5.241
3541,2024,5.09
3542,2024,5.29
3543,2024,5.733
3544,2024,5.315
3545,2024,4.79
3546,2024,5.249
3547,2024,5.14
3548,2024,5.34
3549,2024,11.71
3550,2024,5.082
3551,2024,5.31
3552,2024,5.12
3553,2024,5.41
3554,2024,5.96
3555,2024,6.48
3556,2024,5.3
3557,2024,5.37
3558,2024,5.384
3559,2024,5.26
3560,2024,6.22
3561,2024,5.35
3562,2024,5.312
3563,2024,5.387
3564,2024,5.47
3565,2024,5.58
3566,2024,5.59
3567,2024,5.8
3568,2024,5.81
3569,2024,6.41
3570,2024,7.62
3571,2024,5.24
3572,2024,5.93
3573,2024,7.04
3574,2024,5.557
3575,2024,5.96
3576,2024,5.7
3577,2024,6.99
3578,2024,5.3
3579,2024,5.78
3580,2024,5.44
3581,2024,5.51
3582,2024,5.482
3583,2024,5.26
3584,2024,6.2
3585,2024,5.41
3586,2024,4.99
3587,2024,5.813
3588,2024,6.16
3589,2024,5.19
3590,2024,5.71
3591,2024,5.553
3592,2024,6.67
3593,2024,5.85
3594,2024,5.487
3595,2024,6.22
3596,2024,5.77
3597,2024,6.17
3598,2024,8.55
3599,2024,5.33
3600,2024,5.34
3601,2024,5.45
3602,2024,5.6
3603,2024,6.0
3604,2024,6.92
3605,2024,6.11
3606,2024,5.52
3607,2024,5.81
3608,2024,5.736
3609,2024,5.07
3610,2024,5.44
3611,2024,5.36
3612,2024,5.3
3613,2024,5.71
3614,2024,5.82
3615,2024,6.43
3616,2024,5.4
3617,2024,5.621
3618,2024,5.14
3619,2024,7.03
3620,2024,5.257
3621,2024,5.37
3622,2024,5.47
3623,2024,5.89
3624,2024,5.11
3625,2024,5.67
3626,2024,5.44
3627,2024,8.47
3628,2024,4.979
3629,2024,4.978
3630,2024,5.734
3631,2024,5.98
3632,2024,12.97
3633,2024,5.03
3634,2024,5.215
3635,2024,5.23
3636,2024,5.16
3637,2024,5.64
3638,2024,5.219
3639,2024,5.19
3640,2024,5.29
3641,2024,5.8
3642,2024,7.63
3643,2024,5.43
3644,2024,5.78
3645,2024,5.408
3646,2024,6.04
3647,2024,5.72
3648,2024,5.78
3649,2024,6.87
3650,2024,5.367
3651,2024,5.473
3652,2024,5.254
3653,2024,7.2
3654,2024,5.409
3655,2024,9.4
3656,2024,5.623
3657,2024,6.1
3658,2024,6.57
3659,2024,5.33
3660,2024,5.716
3661,2024,5.08
3662,2024,5.265
3663,2024,5.37
3664,2024,5.651
3665,2024,5.68
3666,2024,6.52
3667,2024,5.254
3668,2024,5.266
3669,2024,5.12
3670,2024,5.01
3671,2024,5.258
3672,2024,5.342
3673,2024,5.257
3674,2024,5.29
3675,2024,4.96
3676,2024,5.38
3677,2024,5.51
3678,2024,5.35
3679,2024,5.253
3680,2024,4.97
3681,2024,5.39
3682,2024,5.76
3683,2024,5.275
3684,2024,5.17
3685,2024,5.72
3686,2024,5.75
3687,2024,5.57
3688,2024,5.38
3689,2024,5.715
3690,2024,5.5
3691,2024,5.99
3692,2024,5.653
3693,2024,6.65
3694,2024,5.347
3695,2024,5.48
3696,2024,5.274
3697,2024,5.41
3698,2024,8.14
3699,2024,5.341
3700,2024,5.94
3701,2024,6.32
3702,2024,5.83
3703,2024,6.33
3704,2024,5.328
3705,2024,5.227
3706,2024,5.43
3707,2024,6.5
3708,2024,5.601
3709,2024,5.65
3710,2024,5.01
3711,2024,5.16
3712,2024,5.419
3713,2024,5.854
3714,2024,5.49
3715,2024,5.414
3716,2024,5.325
3717,2024,5.23
3718,2024,5.3
3719,2024,5.37
3720,2024,5.295
3721,2024,5.52
3722,2024,5.11
3723,2024,5.28
3724,2024,5.667
3725,2024,5.91
3726,2024,5.75
3727,2024,5.07
3728,2024,5.38
3729,2024,5.2
3730,2024,5.78
3731,2024,5.34
3732,2024,5.09
3733,2024,5.04
3734,2024,5.297
3735,2024,5.03
3736,2024,5.18
3737,2024,5.851
3738,2024,5.19
3739,2024,5.413
3740,2024,8.24
3741,2024,5.64
3742,2024,5.222
3743,2024,5.53
3744,2024,5.55
3745,2024,5.56
3746,2024,5.88
3747,2024,5.7
3748,2024,5.65
3749,2024,5.51
3750,2024,5.25
3751,2024,7.29
3752,2024,5.83
3753,2024,5.662
3754,2024,5.604
3755,2024,6.51
3756,2024,7.49
3757,2025,4.969
3758,2025,7.01
3759,2025,6.72
3760,2025,7.07
3761,2025,5.27
3762,2025,5.414
3763,2025,4.964
3765,2025,5.31
3766,2025,8.83
3767,2025,5.464
3768,2025,5.267
3769,2025,5.26
3770,2025,5.25
3771,2025,5.111
3772,2025,5.42
3773,2025,5.11
3774,2025,5.57
3775,2025,6.25
3776,2025,5.335
3777,2025,11.63
3778,2025,5.56
3779,2025,4.87
3780,2025,5.115
3781,2025,6.18
3782,2025,6.477
3783,2025,6.17
3784,2025,4.76
3785,2025,5.14
3786,2025,5.165
3787,2025,5.09
3788,2025,5.135
3789,2025,5.44
3790,2025,5.29
3791,2025,5.66
3792,2025,6.478
3793,2025,5.3
3794,2025,5.336
3795,2025,5.132
3796,2025,5.466
3797,2025,5.05
3798,2025,4.99
3799,2025,6.86
3800,2025,5.49
3801,2025,5.61
3802,2025,5.1
3803,2025,5.12
3804,2025,5.162
3805,2025,5.2
3806,2025,5.415
3807,2025,6.03
3808,2025,6.14
3809,2025,7.05
3810,2025,8.47
3811,2025,6.07
3812,2025,5.38
3813,2025,5.34
3814,2025,6.96
3815,2025,6.51
3816,2025,5.602
3817,2025,4.87
3818,2025,6.75
3819,2025,5.37
3820,2025,5.91
3821,2025,5.61
3822,2025,5.79
3823,2025,7.64
3824,2025,5.53
3825,2025,5.443
3826,2025,5.51
3827,2025,5.449
3828,2025,5.26
3829,2025,5.16
3830,2025,5.55
3831,2025,5.227
3832,2025,6.254
3833,2025,5.46
3834,2025,5.16
3835,2025,5.33
3836,2025,5.92
3837,2025,5.45
3838,2025,4.95
3839,2025,4.93
3840,2025,5.24
3841,2025,5.122
3842,2025,5.268
3843,2025,5.16
3844,2025,5.304
3845,2025,5.222
3846,2025,5.69
3847,2025,5.32
3848,2025,5.27
3849,2025,5.72
3850,2025,6.05
3851,2025,7.05
3852,2025,5.93
3853,2025,6.06
3854,2025,5.292
3855,2025,5.813
3856,2025,5.121
3857,2025,5.301
3858,2025,5.64
3859,2025,5.04
3860,2025,6.256
3861,2025,5.52
3862,2025,6.11
3863,2025,5.604
3864,2025,5.76
3865,2025,5.26
3866,2025,5.29
3867,2025,7.41
3868,2025,5.815
3869,2025,5.84
3870,2025,5.25
3871,2025,5.35
3872,2025,5.4
3873,2025,5.42
3874,2025,5.58
3875,2025,7.58
3876,2025,4.88
3877,2025,6.19
3878,2025,5.306
3879,2025,5.331
3880,2025,4.83
3881,2025,5.252
3882,2025,7.98
3883,2025,5.359
3884,2025,5.51
3885,2025,6.43
3886,2025,5.245
3887,2025,5.258
3888,2025,5.309
3889,2025,5.332
3890,2025,5.28
3891,2025,5.095
3892,2025,5.11
3893,2025,5.04
3894,2025,5.92
3895,2025,5.46
3896,2025,5.03
3897,2025,5.15
3898,2025,5.247
3899,2025,4.89
3900,2025,5.16
3901,2025,5.27
3902,2025,5.8
3903,2025,5.19
3904,2025,5.9
3905,2025,6.23
3906,2025,5.31
3907,2025,5.49
3908,2025,5.5
3909,2025,5.21
3910,2025,5.255
3911,2025,5.41
3912,2025,5.099
3913,2025,4.9
3914,2025,5.357
3915,2025,6.09
3916,2025,5.37
3917,2025,6.82
3918,2025,5.88
3919,2025,5.12
3920,2025,5.22
3921,2025,5.69
3922,2025,6.25
3923,2025,5.74
3924,2025,6.81
3925,2025,5.56
3926,2025,5.38
3927,2025,5.08
3928,2025,5.63
3929,2025,5.62
3930,2025,5.28
3931,2025,5.38
3932,2025,5.434
3933,2025,4.91
3934,2025,5.35
3935,2025,5.64
3936,2025,5.48
3937,2025,5.512
3938,2025,5.349
3939,2025,5.323
3940,2025,5.169
3941,2025,5.24
3942,2025,5.168
3943,2025,5.14
3944,2025,5.36
3945,2025,5.098
3946,2025,5.17
3947,2025,4.99
3949,2025,6.221
3950,2025,5.597
3951,2025,5.06
3952,2025,5.11
3953,2025,5.56
3954,2025,5.58
3955,2025,4.93
3957,2025,5.161
3958,2025,5.598
3959,2025,5.163
3960,2025,5.324
3961,2025,5.19
3962,2025,5.186
3963,2025,5.29
3964,2025,8.07
3965,2025,5.27
3966,2025,5.79
3967,2025,6.3
3968,2025,5.81
3969,2025,6.58
3970,2025,5.3
3971,2025,5.343
3973,2025,8.11
3974,2025,5.31
3975,2025,6.81
3976,2025,5.438
3977,2025,5.095
3978,2025,5.47
3979,2025,5.182
3980,2025,6.24
3981,2025,8.73
3982,2025,6.225
3983,2025,6.038
3984,2025,5.513
3985,2025,5.189
3986,2025,5.12
3987,2025,5.439
3988,2025,7.65
3989,2025,6.46
3991,2025,6.033
3992,2025,4.91
3993,2025,5.623
3994,2025,5.217
3995,2025,5.46
3996,2025,5.22
3997,2025,7.52
3998,2025,5.57
3999,2025,4.93
4000,2025,5.084
4001,2025,5.637
4002,2025,5.3
4003,2025,6.26
4005,2025,5.106
4006,2025,6.51
4007,2025,5.094
4008,2025,5.211
4009,2025,5.17
4010,2025,5.03
4011,2025,5.411
4012,2025,5.089
4013,2025,5.326
4014,2025,4.89
4015,2025,6.18
4016,2025,5.75
4017,2025,7.15
4018,2025,6.35
4019,2025,5.53
4020,2025,4.78
4021,2025,5.083
4022,2025,5.94
4023,2025,5.633
4024,2025,5.43
4025,2025,5.56
4026,2025,4.98
4027,2025,4.9
4028,2025,4.95
4029,2025,5.625
4030,2025,5.11
4031,2025,5.082
4032,2025,5.107
4033,2025,5.057
4034,2025,5.23
4035,2025,5.58
4036,2025,5.199
4037,2025,5.81
4038,2025,6.01
4039,2025,5.85
4040,2025,5.84
4041,2025,6.24
4042,2025,5.15
4043,2025,5.39
4044,2025,7.02
4045,2025,5.414
4046,2025,5.211
4047,2025,5.27
4048,2025,5.87
4050,2025,5.193
4051,2025,5.093
4052,2025,6.1
4053,2025,5.35
4054,2025,6.14
4055,2025,6.0
4056,2025,5.83
4057,2025,5.051
4058,2025,5.098
4059,2025,5.26
4060,2025,5.13
4061,2025,5.31
4062,2025,5.68
4063,2025,5.88
4064,2025,7.06
4065,2025,5.9
4066,2025,5.5
4067,2025,5.329
4068,2025,4.932
4069,2025,5.4
4070,2025,5.313
4071,2025,5.33
4072,2025,5.368
4073,2025,4.862
4074,2025,5.38
4075,2025,5.312
4076,2025,5.32
4077,2025,4.959
4078,2025,6.47
4079,2025,4.973
4080,2025,4.954
4081,2025,11.95
4082,2025,4.865
4083,2025,4.977
4084,2025,4.9
4085,2025,4.936
4086,2025,5.18
4087,2025,5.1
4088,2025,5.28
4089,2025,5.17
4090,2025,6.5
4091,2025,5.14
4092,2025,5.369
4093,2025,7.72
4094,2025,5.193
4095,2025,5.38
4096,2025,4.96
4097,2025,5.42
4098,2025,5.39
4099,2025,4.99
4100,2025,5.04
4101,2025,5.197
4102,2025,6.11
4103,2025,5.22
4104,2025,6.1
4105,2025,5.02
4106,2025,5.08
4107,2025,5.76
4108,2025,6.479
4109,2025,5.98
0,2026,5.27
1,2026,5.12
2,2026,5.436
3,2026,6.15
4,2026,5.233
5,2026,6.81
6,2026,4.87
7,2026,5.232
8,2026,5.28
9,2026,5.35
10,2026,5.079
11,2026,5.047
12,2026,4.99
13,2026,5.042
14,2026,5.54
15,2026,5.44
16,2026,5.46
17,2026,4.71
18,2026,4.93
19,2026,5.01
20,2026,5.5
21,2026,4.845
22,2026,4.79
23,2026,4.81
24,2026,4.888
25,2026,4.913
26,2026,4.94
27,2026,5.47
28,2026,5.42
29,2026,4.842
30,2026,5.24
31,2026,4.881
32,2026,5.34
33,2026,4.841
34,2026,5.41
35,2026,4.911
36,2026,6.3
37,2026,5.48
38,2026,4.968
39,2026,5.433
40,2026,5.213
41,2026,5.06
42,2026,4.969
43,2026,4.82
44,2026,5.079
45,2026,4.92
46,2026,4.97
47,2026,5.211
48,2026,6.96
49,2026,5.22
50,2026,6.53
51,2026,5.17
52,2026,4.76
53,2026,4.98
54,2026,5.79
55,2026,5.85
56,2026,5.0
57,2026,4.918
58,2026,6.48
59,2026,6.0
60,2026,5.11
61,2026,5.38
62,2026,5.48
63,2026,5.8
64,2026,5.31
65,2026,5.29
66,2026,5.66
67,2026,5.046
68,2026,5.52
69,2026,5.576
70,2026,4.99
71,2026,6.06
72,2026,6.483
73,2026,6.03
74,2026,5.211
75,2026,4.96
76,2026,5.08
77,2026,5.54
78,2026,5.13
79,2026,5.06
80,2026,5.518
81,2026,4.922
82,2026,6.54
83,2026,5.17
84,2026,5.429
85,2026,5.35
86,2026,5.34
87,2026,5.47
88,2026,5.572
89,2026,6.38
90,2026,5.22
91,2026,5.69
92,2026,5.79
93,2026,6.24
94,2026,5.27
95,2026,4.913
96,2026,5.33
97,2026,4.923
98,2026,5.63
99,2026,7.19
100,2026,7.59
101,2026,7.33
102,2026,5.45
103,2026,5.0
104,2026,4.89
105,2026,5.04
106,2026,5.09
107,2026,5.59
108,2026,5.18
109,2026,5.421
110,2026,4.98
111,2026,5.25
112,2026,5.218
113,2026,5.56
114,2026,6.19
115,2026,6.9
116,2026,7.82
117,2026,7.26
118,2026,6.08
119,2026,10.21
120,2026,5.516
